"1" "2" "3" "4" "5" "6" "7" "8" "9" "10" "12" "15" "20" "24" "30" "40" "60" "70" "80" "90" "100" "108" "110" "120" "Inf"
"1" 161.447638797588 199.5 215.707345369609 224.583240626251 230.161878110107 233.986000356266 236.768400276995 238.882694802524 240.543254713263 241.881747250833 243.906038489075 245.949926205251 248.01308208474 249.051774831325 250.095148187009 251.143153132783 252.195739093982 252.49731210381 252.723733748205 252.899982436544 253.041071271702 253.1351748138 253.15656692231 253.25285403343 254.314444550559
"2" 18.5128205128205 19 19.1642921275113 19.246794344809 19.2964096520172 19.329534015154 19.3532175360929 19.3709928980665 19.3848257181715 19.3958967235718 19.4125111472235 19.4291350695635 19.4457684906169 19.4540887631674 19.4624114104031 19.4707364323255 19.4790638289359 19.4814435212776 19.4832284177494 19.4846167459477 19.4857274560001 19.4864679528221 19.4866362501712 19.4873936002351 19.4957257462237
"3" 10.1279644860139 9.55209449592116 9.27662815314481 9.11718225324642 9.01345516752258 8.94064512077038 8.88674295563427 8.8452384599594 8.81229955520645 8.78552471052401 8.74464066146528 8.70287013489668 8.6601898019307 8.63850104026308 8.61657587019733 8.59441124999818 8.57200411265096 8.56555709742783 8.56070863492718 8.55692976372165 8.55390171383866 8.55188056403679 8.55142093819738 8.54935136681457 8.52644989775855
"4" 7.70864742217679 6.94427190999916 6.59138211642558 6.38823290869587 6.25605650216089 6.16313228268863 6.09421092569889 6.04104447611916 5.99877903121025 5.96437055223803 5.91172910911072 5.85780536076532 5.80254189325283 5.77438865670792 5.74587698254355 5.71699840549478 5.68774412920435 5.67931548773682 5.67297325995897 5.6680280550624 5.66406407097546 5.66141754082224 5.66081562360495 5.65810500786978 5.62807152656426
"5" 6.60789097370337 5.78613504334997 5.40945131805649 5.19216777280393 5.05032905763264 4.95028806869432 4.875871695834 4.81831953565687 4.77246561310086 4.73506306969342 4.67770379177752 4.61875911640584 4.55813149739652 4.52715310773036 4.49571226171615 4.46379332437723 4.43137970423764 4.42202536973875 4.41498192098467 4.40948713831979 4.40508082443199 4.40213807835939 4.40146869017612 4.39845376819261 4.36499674654128
"6" 5.9873776072737 5.14325284978472 4.75706266308942 4.53367695027524 4.38737418740613 4.28386571382264 4.20665848786921 4.14680416227653 4.09901554171653 4.0599627943307 3.99993538331888 3.93805798839504 3.87418858102651 3.84145690179577 3.80816426527036 3.77428628481602 3.73979661264286 3.72982613408452 3.72231356604012 3.71644967324921 3.71174535817937 3.70860258883959 3.70788758842702 3.70466670862559 3.6688655732001
"7" 5.59144785122074 4.73741412777588 4.34683139990782 4.12031172689763 3.97152315061134 3.86596885312385 3.78704353992807 3.7257253171227 3.67667469893951 3.63652312062835 3.57467644662942 3.51074018463368 3.44452483207532 3.41049437606473 3.37580750190044 3.34042965183302 3.30432287642244 3.29386702270943 3.28598323610972 3.27982625316492 3.27488466349359 3.27158230700856 3.2708308787156 3.26744534350379 3.22975075227567
"8" 5.31765507157871 4.45897010752451 4.06618055135116 3.8378533545559 3.68749866634003 3.58058031976146 3.50046385504494 3.43810123337316 3.38813023473973 3.34716312023398 3.28393900572641 3.21840551331234 3.15032377350286 3.11523979602632 3.0794064719705 3.04277782113252 3.00530258373726 2.9944320109025 2.98622981534677 2.97982068734585 2.9746744870641 2.97123426973702 2.9704513455136 2.96692332069924 2.92757530712835
"9" 5.11735502919922 4.25649472909375 3.86254835762476 3.63308851141908 3.48165865390152 3.37375364703921 3.29274583891712 3.22958261268678 3.17889310445827 3.1372801078887 3.07294712187809 3.00610197236888 2.93645539216144 2.90047376005129 2.8636523437717 2.82593265367081 2.78724855729167 2.77600854660745 2.76752174114094 2.76088663945572 2.75555668125151 2.75199245892723 2.75118118239555 2.74752478818031 2.70667505879263
"10" 4.96460274373071 4.1028210151304 3.70826481904685 3.47804969076523 3.32583453041301 3.21717454739899 3.13546480462633 3.07165838527904 3.02038294702138 2.97823701608232 2.91297672158264 2.84501652699585 2.77401639832112 2.73724765290368 2.69955123302637 2.66085520720411 2.62107715569361 2.6095003001999 2.60075319408721 2.59391092507914 2.58841217971997 2.58473389193541 2.58389651720035 2.58012187347804 2.53787838297205
"11" 4.84433567494362 3.98229795709448 3.5874337024205 3.3566900211326 3.20387426272962 3.09461288790914 3.0123303430431 2.94799031863864 2.8962227612877 2.85362485827326 2.78756932568049 2.71863964757839 2.6464451537303 2.60897361888429 2.57048912119216 2.5309054969882 2.49012276868356 2.47823442028654 2.46924591797909 2.46221110012193 2.45655519818077 2.45277056269251 2.45190883946855 2.44802379893689 2.40446982407196
"12" 4.74722534672252 3.88529383465239 3.49029481949761 3.25916672690125 3.10587523908412 2.99612037751711 2.9133581790112 2.84856514206768 2.79637548949925 2.75338676883585 2.68663711249569 2.61685123413211 2.54358832965296 2.50548154673481 2.46627914233361 2.42588005875098 2.38416562738177 2.371986551552 2.36277214149585 2.35555675101317 2.3497532186709 2.34586855499742 2.34498391574266 2.34099490585419 2.29619829483412
"13" 4.66719273182685 3.80556525297806 3.41053364462785 3.17911705254019 3.02543830009826 2.91526923870275 2.83209750163494 2.76691318191775 2.71435578905989 2.67102422855513 2.6036607476283 2.53310998313075 2.45888177180146 2.42019567658892 2.38033392979263 2.33918003287017 2.29659562216108 2.28414343257783 2.27471626055878 2.26733046475645 2.26138738957149 2.25740806241504 2.25650172306291 2.25241419911235 2.20643233701017
"14" 4.60010993666942 3.73889183244074 3.34388867811891 3.11224984796139 2.9582489131222 2.84772599592536 2.76419925677818 2.69867241870931 2.64579073523382 2.60215505104271 2.53424325274856 2.46300310487566 2.38789605513758 2.34867807599336 2.30820701764593 2.26635049613453 2.22294956883871 2.2102395723588 2.20061107266053 2.19306371935626 2.18698814091363 2.18291882016557 2.18199183917039 2.17781054979032 2.13069325948492
"15" 4.54307716526697 3.68232034367324 3.28738210463651 3.05556827590659 2.90129453623616 2.79046499736751 2.7066267822257 2.6407968829069 2.58762643522758 2.54371854969281 2.47531297347577 2.40344707149534 2.32753500898829 2.28782605814479 2.24678915755601 2.20427568363231 2.16010534182618 2.14715107335269 2.13733136756914 2.12963029392788 2.12342845007995 2.11927327458373 2.11832659009599 2.11405574435028 2.0658471060268
"16" 4.49399847766636 3.63372346759163 3.23887151745359 3.00691727992434 2.85240916508199 2.74131082833878 2.65719660022109 2.5910961798744 2.53766653888065 2.49351322128161 2.42466000166339 2.35222276280739 2.275569585226 2.23540541550239 2.19384092290805 2.15071096954762 2.10581323785814 2.09262681994808 2.08262498461545 2.0747772241 2.06845471578385 2.06421740285472 2.06325185757274 2.05889523661136 2.00963479905574
"17" 4.45132177246813 3.59153056847508 3.19677684094335 2.96470811004108 2.8099961745296 2.69865990162987 2.61429904513332 2.54795535776985 2.4942914945642 2.44991550039425 2.38065416157701 2.30769267208097 2.2303542821754 2.18976645613863 2.1477083618474 2.10399814218748 2.05841087865516 2.04500327571303 2.03482753113719 2.02683945930823 2.02040136652629 2.01608528895279 2.01510164758793 2.01066268308244 1.96038631128716
"18" 4.41387341917057 3.55455714566179 3.15990758980073 2.92774417280719 2.77285315299783 2.6613045229279 2.57672172925992 2.51015789538358 2.45628114915927 2.41170203983392 2.34206679804543 2.26862219160652 2.1906479255678 2.14966453482584 2.10714328186887 2.06288544646738 2.01664301616159 2.00302422171159 1.99268207083578 1.98455951242325 1.97801047931838 1.97361872179633 1.97261768386782 1.96809951544728 1.91684000885283
"19" 4.3807496923318 3.52189326057883 3.1273500051134 2.89510730750784 2.74005754168534 2.62831803833851 2.54353430142971 2.4767701474513 2.42269893712397 2.37793368728983 2.30795442393103 2.23406292200662 2.15549663713151 2.114142852918 2.07118588359844 2.02641005516009 1.97954384535246 1.96572302478808 1.95522135887164 1.94696966914686 1.9403139685862 1.93584937052446 1.93483158006038 1.93023709884083 1.87802465807558
"20" 4.35124350332929 3.49282847673563 3.09839121214078 2.86608140201566 2.71088983720969 2.5989777115642 2.51401106299884 2.44706374797982 2.39281410844228 2.34787756699831 2.27758057354642 2.20327428956117 2.12415521291974 2.08245371821648 2.03908590418201 1.99381909867256 1.9463579238129 1.93234352629976 1.92168870763801 1.91331283602825 1.90655442004119 1.90201960896512 1.90098566206961 1.89631754459531 1.84318013404256
"21" 4.32479374318304 3.46680011154242 3.07246698639688 2.84009980747538 2.68478073017485 2.57271164050953 2.48757770372204 2.42046219735446 2.36604819203546 2.32095343930744 2.25036199906316 2.17566957257171 2.09603297655812 2.05400431223557 2.01024830005932 1.96451526561626 1.91648569294262 1.90228554118897 1.89148346938575 1.88298801038285 1.87613055048621 1.87152796872415 1.87047841962069 1.86573915495997 1.81170279115931
"22" 4.30094950177766 3.44335677936673 3.04912498865241 2.81670833964025 2.66127391711804 2.54906141384366 2.46377382996081 2.39650328376393 2.34193732766579 2.29669595693773 2.22583080708347 2.15077791219696 2.07065566124295 2.02831850802454 1.98419500171369 1.9380184963055 1.88944511255841 1.87506647622062 1.86412264231811 1.85551187701747 1.84855879709031 1.84389072351469 1.84282608946783 1.83801800127217 1.78310698690684
"23" 4.27934430914465 3.42213220786118 3.0279983823322 2.79553873736139 2.639999426053 2.52765532524218 2.44222608568486 2.37481212582063 2.32010524231663 2.27472758503325 2.20360728892981 2.12821704767453 2.04763804686297 2.00500945824512 1.9605374535104 1.9139384758017 1.86484410910033 1.85029376577119 1.83921329717994 1.83049122772891 1.82344573125418 1.81871429928597 1.8176350646758 1.81276032943583 1.75699744634786
"24" 4.25967727269023 3.4028261053502 3.00878657044736 2.77628928925148 2.62065414786289 2.50818882342326 2.42262853342092 2.35508149484621 2.30024352251484 2.2547388307326 2.18338008161294 2.10767340403212 2.02666397155395 1.98375956848961 1.93895654935385 1.89195453305394 1.8423604398813 1.82764472644527 1.81643242474713 1.8076028033064 1.80046789625726 1.79567510898328 1.79458172872559 1.78964239109031 1.7330490617462
"25" 4.24169905027715 3.38518996144917 2.99124090954995 2.75871046971763 2.60298740278706 2.49041001808741 2.40472810810058 2.3370572240603 2.28209698519891 2.23647358105051 2.16489145241884 2.08888731929873 2.0074714988038 1.96430563406538 1.91918773955113 1.87180071874514 1.82172674326891 1.80685159964022 1.79551197276318 1.78657832613975 1.77935683643317 1.77450457944925 1.77339748190036 1.76839546768466 1.71099189187251
"26" 4.22520127312749 3.36901635949544 2.97515396397339 2.74259413722186 2.58679008706259 2.47410878077096 2.38831367802511 2.32052723503375 2.26545267434728 2.21971807368516 2.14792622772216 2.07164192774485 1.9898417525776 1.94642765072451 1.90100981741215 1.85325456847387 1.80271927957637 1.78769028631427 1.77622757618872 1.76719322699731 1.7598878211966 1.7549778736293 1.7538574630783 1.74879459042001 1.69059986217305
"27" 4.21000846835976 3.3541308285292 2.96035131841129 2.72776530603399 2.57188640578415 2.45910844257833 2.3732077116306 2.30531317742743 2.25013147720267 2.20429249277265 2.13230335523783 2.05575468549019 1.97359040393398 1.92994028140555 1.88423636628073 1.83612853063183 1.78514934072752 1.76997175165908 1.758389958194 1.74925804319361 1.74187124097423 1.73690528502251 1.73577194384837 1.73064993286253 1.67168214136498
"28" 4.19597181855777 3.34038555823776 2.94668526601727 2.71407580414508 2.55812750111081 2.44525939508938 2.35925985405644 2.29126398414416 2.23598166067029 2.19004448887475 2.11786939698568 2.04107083368636 1.9585611022711 1.91468627111106 1.86870915813108 1.82026334915317 1.76885661794509 1.75353538866668 1.74183829069088 1.73261177679391 1.72514596356758 1.72012559282649 1.71897968337943 1.71380016457659 1.65407648192829
"29" 4.18296428905827 3.32765449857206 2.93402988966417 2.70139933192327 2.54538648794854 2.43243410457679 2.34634192202055 2.27825084905155 2.22287383392996 2.17684412830235 2.10449345660397 2.02745830139501 1.94462035179968 1.90053130977166 1.85429300285267 1.80552289955498 1.75370402520449 1.73824383814398 1.72643501181705 1.71711671015938 1.70957414816505 1.70450087493604 1.70334274118947 1.69810726286617 1.63764402094459
"30" 4.17087678576669 3.31582950101352 2.92227719064504 2.68962757369142 2.53355454755927 2.42052318855757 2.33434396484478 2.26616327413814 2.21069698330358 2.16457991712548 2.09206318527594 2.01480369129549 1.93165347523693 1.88735998453029 1.84087168911176 1.79179011863201 1.73957361831197 1.72397890489318 1.71206173998635 1.70265431836645 1.69503715647243 1.6899124182221 1.688742387232 1.68345242199797 1.6222651801856
"40" 4.08474573330166 3.23172699283084 2.83874539802064 2.60597494912387 2.44946642638871 2.33585240479166 2.24902432514739 2.18017045320064 2.1240292640167 2.07724804641721 2.00345939550183 1.92446282352767 1.83885934902422 1.79293703477399 1.74443196432074 1.69279720970243 1.63725182397156 1.62051215498513 1.60766570637095 1.59748890212879 1.58922420309151 1.58365084632532 1.58237688491625 1.57660986159026 1.50890424026648
"60" 4.001191376755 3.15041131058273 2.75807829584259 2.52521510198288 2.36827023570107 2.25405300985704 2.16654115604942 2.09696831251595 2.04009805547647 1.99259199662942 1.91739589917631 1.83643736018714 1.74798413312286 1.70011669647983 1.64914100902141 1.59427252011401 1.53431417981236 1.51600007082671 1.50185274420929 1.49058262801656 1.48138592312158 1.47516033530229 1.4737344960258 1.46726651633647 1.38927613501159
"70" 3.97777939281019 3.12767560095914 2.73554145091296 2.50265646339994 2.34558632661923 2.23119241978411 2.14347804070534 2.07369040090899 2.01660069002104 1.96887494798896 1.89324824522363 1.81168081589274 1.72232522492379 1.67382926649487 1.62203974949481 1.5660781495985 1.50457222155767 1.4856889745423 1.4710641723349 1.45938750938189 1.44984032248777 1.44336726056083 1.44188352993338 1.43514705059054 1.35293731647659
"80" 3.96035242061496 3.11076616608046 2.71878498163494 2.48588493774887 2.32872058860787 2.21419279548792 2.12632428273578 2.05637261155898 1.99911480581684 1.95122032223431 1.87526157341991 1.79322178940049 1.70316008353487 1.65416787921747 1.60173017535705 1.54488737446685 1.48211138433833 1.46275390326358 1.44772808425159 1.43570762105911 1.42586225476057 1.41917762597491 1.41764427952125 1.41067705791752 1.32469020687169
"90" 3.94687573068052 3.09769803525193 2.70583805101613 2.47292703903345 2.3156892378361 2.20105646616578 2.11306670313333 2.04298565778221 1.9855949637305 1.93756679088273 1.86134416864032 1.7789272301842 1.68829782367285 1.63890377442837 1.58593745074817 1.52836881206775 1.46453085753086 1.44477166479304 1.42940381241538 1.41708834507556 1.40698575455069 1.40011782867632 1.39854139972127 1.39137333140759 1.30196974202036
"100" 3.93614298631264 3.08729589274893 2.69553425488814 2.46261492591164 2.30531824167523 2.19060094042904 2.10251329455278 2.03232759184843 1.97482919825876 1.92669248875455 1.85025511418993 1.76753005556658 1.67643424975317 1.62670811035169 1.57330234982899 1.51512527338772 1.45038565461548 1.43028154297199 1.41461823839133 1.40204658282529 1.39171955165522 1.38469107100237 1.38307682887932 1.37573209116746 1.28321168107914
"108" 3.92901171792829 3.08038686329258 2.68869146802768 2.45576681652287 2.29843081301187 2.18365688326113 2.09550353855184 2.02524748188183 1.96767658904555 1.91946672186839 1.84288432999629 1.75995060410555 1.66853759036871 1.61858457006657 1.56487722645915 1.50627986658902 1.44091110887258 1.420564174105 1.40469185984754 1.39193818716437 1.38145107757783 1.37430772096653 1.37266637894879 1.36519479628038 1.2703655189949
"110" 3.92739363346521 3.07881949157165 2.68713922669719 2.45421339004915 2.29686844293293 2.18208161195349 2.09391328565455 2.02364117372568 1.96605372477031 1.91782714039287 1.84121158054074 1.75823006042538 1.66674423712236 1.61673902276465 1.56296214150646 1.50426755643459 1.43875250902295 1.41834885332761 1.40242759404017 1.38963120173124 1.37910644581029 1.37193602857549 1.37028829726558 1.36278678010657 1.26740335318043
"120" 3.92012440896992 3.07177940465868 2.68016756985024 2.4472365114693 2.28985128314358 2.175006252581 2.08677027772159 2.01642561306418 1.95876329569638 1.9104610646692 1.83369527635699 1.7504969606635 1.65868014323659 1.60843709629409 1.55434259639567 1.49520239286038 1.42901317795459 1.4083468437363 1.39219830180532 1.37920305214792 1.36850266933109 1.3612057804679 1.35952815947323 1.35188645922124 1.25385774095496
"Inf" 3.84145882069413 2.99573227355399 2.60490930108373 2.37193225919529 2.21409953870327 2.09859787395733 2.00959149276288 1.93841413198318 1.87988640051338 1.83070380532751 1.75217248479026 1.66638600931524 1.57052164221155 1.51729285424197 1.45909906085807 1.39396198197218 1.31803240813081 1.29330322049829 1.27349342456795 1.25716966825062 1.24342113404004 1.23385983057285 1.2316379811669 1.2213946465064 1
