CLOSE
1000.00
1000.00
1000.00
1000.00
1000.00
1000.00
1000.00
1000.00
1000.00
1000.00
1000.00
1000.00
1000.00
1000.00
1000.00
1000.00
1000.00
1000.00
1000.00
1000.00
1000.00
1000.00
1000.00
1000.00
1000.00
1000.00
1000.00
1000.00
1000.00
1000.00
1000.00
1000.00
1000.00
1000.00
1000.00
1000.00
1000.00
1000.00
1000.00
1000.00
1000.00
1000.00
1000.00
1000.00
1000.00
1000.00
1000.00
1000.00
1000.00
1000.00
1000.00
1000.00
1000.00
1000.00
1000.00
1000.00
1000.00
1000.00
1000.00
1000.00
1000.00
1000.00
1000.00
1000.00
1000.00
1000.00
1000.00
1990.00
2089.00
2193.00
2302.00
2417.00
2537.00
2663.00
2796.00
2931.00
2834.00
2693.00
2768.00
2820.00
2694.00
2595.00
2506.00
2415.00
2432.00
2542.00
2522.00
2436.00
2477.00
2502.00
2434.00
2442.00
2404.00
2483.00
2607.00
2550.00
2520.00
2541.00
2531.00
2543.00
2420.00
2432.00
2460.00
2491.00
2491.00
2447.00
2467.00
2544.00
2666.00
2672.00
2719.00
2710.00
2697.00
2700.00
2820.00
2934.00
2952.00
2884.00
2837.00
2961.00
3011.00
2986.00
2969.00
2898.00
2858.00
2909.00
2902.00
2902.00
2911.00
3045.00
3117.00
3221.00
3168.00
3139.00
2983.00
2836.00
2734.00
2680.00
2733.00
2869.00
2991.00
2971.00
2921.00
2985.00
2917.00
2905.00
2929.00
2949.00
3087.00
3114.00
3051.00
3056.00
3034.00
3019.00
3165.00
3188.00
3198.00
3345.00
3385.00
3239.00
3266.00
3194.00
3347.00
3431.00
3329.00
3343.00
3320.00
3449.00
3384.00
3390.00
3354.00
3212.00
3347.00
3449.00
3614.00
3743.00
3649.00
3478.00
3332.00
3431.00
3287.00
3248.00
3335.00
3271.00
3357.00
3357.00
3470.00
3627.00
3644.00
3552.00
3712.00
3894.00
4083.00
4267.00
4344.00
4203.00
4392.00
4251.00
4079.00
4271.00
4478.00
4399.00
4580.00
4650.00
4802.00
5041.00
5176.00
5327.00
5571.00
5847.00
6139.00
6445.00
6445.00
6445.00
6773.00
6790.00
6984.00
7332.00
7207.00
7800.00
7442.00
7070.00
7122.00
6870.00
6527.00
6201.00
5891.00
5935.00
6221.00
5994.00
5767.00
5950.00
6242.00
6554.00
6583.00
6444.00
6653.00
6968.00
6755.00
6665.00
6625.00
6892.00
6892.00
6892.00
7199.00
6868.00
7102.00
7442.00
7721.00
8107.00
8512.00
8832.00
9096.00
9547.00
9573.00
9151.00
8725.00
8983.00
8560.00
8234.00
8135.00
8518.00
8865.00
9007.00
8580.00
8169.00
8252.00
7939.00
8082.00
8392.00
8123.00
8496.00
8852.00
8526.00
8257.00
8142.00
8031.00
7708.00
7333.00
7151.00
6824.00
6526.00
6354.00
6574.00
6248.00
6007.00
5726.00
5440.00
5636.00
5915.00
5847.00
5566.00
5288.00
5115.00
4989.00
4740.00
4583.00
4438.00
4615.00
4460.00
4582.00
4802.00
4968.00
4820.00
4615.00
4388.00
4212.00
4278.00
4140.00
3966.00
3862.00
3676.00
3576.00
