CLOSE
1000.00
1000.00
1000.00
1000.00
1000.00
1000.00
1000.00
1000.00
1000.00
1000.00
1000.00
1000.00
1000.00
1000.00
1000.00
1000.00
1000.00
1000.00
1000.00
1000.00
1000.00
1000.00
1000.00
1000.00
1000.00
1000.00
1000.00
1000.00
1000.00
1000.00
1000.00
1000.00
1000.00
1000.00
1000.00
1000.00
1000.00
1000.00
1000.00
1000.00
1000.00
1000.00
1000.00
1000.00
1000.00
1000.00
1000.00
1000.00
1000.00
1000.00
1000.00
1000.00
1000.00
1000.00
1000.00
1000.00
1000.00
1000.00
1000.00
14000.00
14700.00
15435.00
16206.00
17016.00
17866.00
18759.00
19696.00
20680.00
21714.00
21714.00
23927.00
25123.00
26379.00
27697.00
29081.00
30535.00
32061.00
33664.00
35347.00
37069.00
37069.00
39628.00
43442.00
45609.00
47675.00
45292.00
43028.00
41995.00
41052.00
40379.00
39311.00
38092.00
36380.00
36895.00
38739.00
40476.00
41468.00
39710.00
39731.00
37885.00
36660.00
38396.00
39371.00
39095.00
40229.00
40569.00
38654.00
39059.00
40534.00
40396.00
40669.00
42247.00
44144.00
48477.00
48599.00
48742.00
49319.00
51405.00
53975.00
56468.00
55000.00
53305.00
51087.00
53486.00
55448.00
53973.00
51541.00
51541.00
51541.00
47232.00
49117.00
48827.00
46644.00
44998.00
43065.00
45717.00
47270.00
46183.00
47926.00
50322.00
52793.00
54891.00
52636.00
50649.00
50971.00
51543.00
50087.00
52438.00
55059.00
57810.00
59348.00
61507.00
62404.00
60412.00
63114.00
61145.00
58648.00
61403.00
64473.00
63297.00
65429.00
68700.00
71885.00
72838.00
71351.00
74365.00
71147.00
68432.00
65011.00
66461.00
65710.00
65922.00
63574.00
61000.00
63921.00
65148.00
62044.00
61711.00
63646.00
66828.00
70169.00
73546.00
77223.00
81084.00
85138.00
89150.00
85894.00
89865.00
86499.00
82175.00
79088.00
82374.00
78273.00
75458.00
72099.00
68495.00
69662.00
72555.00
74672.00
71346.00
69081.00
67130.00
65716.00
64503.00
64199.00
61333.00
60249.00
57391.00
56003.00
58652.00
61256.00
63065.00
60873.00
58472.00
59320.00
61803.00
64218.00
61735.00
59125.00
57331.00
58871.00
