CLOSE
12141.00
12141.00
12300.00
12915.00
13560.00
14135.00
13988.00
14261.00
13581.00
13974.00
13977.00
13433.00
13455.00
12844.00
12640.00
13030.00
12901.00
12998.00
13012.00
13194.00
13215.00
12936.00
13085.00
13174.00
13453.00
14092.00
14656.00
14582.00
14595.00
14293.00
14229.00
14534.00
15166.00
15804.00
16437.00
17227.00
17027.00
17615.00
17761.00
17388.00
17901.00
17542.00
17201.00
16907.00
16783.00
17451.00
18052.00
18385.00
19193.00
18548.00
17629.00
17728.00
17895.00
18101.00
17514.00
17486.00
17577.00
17044.00
17327.00
17090.00
16835.00
16694.00
16281.00
17043.00
17522.00
17356.00
17808.00
17311.00
16612.00
15828.00
15066.00
14465.00
14454.00
15169.00
15926.00
16717.00
17552.00
18170.00
17353.00
17638.00
17263.00
17317.00
16870.00
16380.00
16682.00
17105.00
16957.00
17145.00
16296.00
15942.00
16586.00
17106.00
17010.00
17641.00
18523.00
19449.00
19068.00
19617.00
20102.00
20324.00
21150.00
21815.00
21637.00
21060.00
21119.00
20671.00
20129.00
20374.00
20431.00
20454.00
20045.00
20073.00
19887.00
20160.00
19937.00
20173.00
21175.00
21724.00
21396.00
22411.00
22492.00
22580.00
22580.00
21400.00
20670.00
20257.00
20662.00
21689.00
22479.00
21673.00
21333.00
21905.00
21475.00
21643.00
22157.00
22828.00
23957.00
24625.00
24637.00
25550.00
25888.00
26946.00
28291.00
27416.00
26974.00
26918.00
26320.00
26523.00
26523.00
26523.00
25973.00
26479.00
26673.00
26296.00
25547.00
26411.00
27208.00
28202.00
28021.00
26884.00
28019.00
28292.00
28028.00
27306.00
27014.00
26287.00
26353.00
26658.00
26101.00
25866.00
25951.00
26789.00
27671.00
28471.00
29894.00
31070.00
32532.00
33524.00
35200.00
36629.00
35013.00
34407.00
35664.00
37378.00
39209.00
39209.00
39706.00
40758.00
42795.00
44571.00
46345.00
47122.00
46008.00
47216.00
45634.00
43457.00
45241.00
47465.00
49681.00
52165.00
54456.00
53507.00
54016.00
56715.00
59550.00
62526.00
62104.00
64213.00
63852.00
62925.00
65711.00
72084.00
72084.00
72084.00
72084.00
32865.00
32865.00
32865.00
36272.00
38085.00
38630.00
40509.00
40509.00
40509.00
41953.00
44050.00
46252.00
48564.00
50992.00
51826.00
49379.00
46911.00
46610.00
48410.00
49259.00
46998.00
45078.00
46085.00
44639.00
43060.00
44322.00
46355.00
44147.00
42885.00
41618.00
43698.00
45387.00
44097.00
42036.00
43499.00
45972.00
46793.00
46392.00
44234.00
42236.00
41416.00
39493.00
38991.00
40938.00
42984.00
45133.00
47389.00
49758.00
52245.00
54857.00
57599.00
60286.00
63300.00
66084.00
65064.00
65609.00
68355.00
65216.00
63908.00
61244.00
58705.00
60394.00
63355.00
65208.00
62003.00
60094.00
62839.00
65038.00
62071.00
61958.00
58861.00
61517.00
61451.00
64117.00
67220.00
69778.00
72411.00
71599.00
70911.00
68167.00
69538.00
72020.00
71248.00
70571.00
69684.00
70918.00
