CLOSE
3070.00
3070.00
3070.00
3070.00
3070.00
3050.00
3051.00
3000.00
3000.00
3000.00
3002.00
3001.00
3000.00
3000.00
3002.00
3005.00
3005.00
3005.00
3005.00
3005.00
3005.00
3050.00
3050.00
3050.00
3050.00
3050.00
3050.00
3078.00
3085.00
3090.00
3103.00
3141.00
3172.00
3220.00
3300.00
3304.00
3312.00
3250.00
3236.00
3200.00
3180.00
3180.00
3181.00
3200.00
3201.00
3200.00
3199.00
3160.00
3159.00
3127.00
3128.00
3100.00
3100.00
3100.00
3100.00
3100.00
3105.00
3101.00
3101.00
3100.00
3100.00
3100.00
3102.00
3105.00
3104.00
3105.00
3104.00
3103.00
3103.00
3100.00
3100.00
3100.00
3100.00
3099.00
3070.00
3039.00
2999.00
2974.00
2971.00
2968.00
2963.00
2950.00
2953.00
2950.00
2943.00
2941.00
2936.00
2900.00
2888.00
2896.00
2999.00
2999.00
2999.00
3002.00
3006.00
3010.00
3031.00
3100.00
3100.00
3104.00
3151.00
2500.00
2500.00
2625.00
2630.00
2651.00
2659.00
2670.00
2679.00
2684.00
2700.00
2700.00
2700.00
2699.00
2699.00
2699.00
2697.00
2695.00
2688.00
2679.00
2659.00
2650.00
2693.00
2700.00
2701.00
2712.00
2750.00
2752.00
2751.00
2752.00
2752.00
2746.00
2749.00
2749.00
2750.00
2750.00
2750.00
2750.00
2809.00
2900.00
2949.00
2904.00
2980.00
3100.00
3190.00
3303.00
3468.00
3640.00
3700.00
3537.00
3537.00
3537.00
3538.00
3538.00
3538.00
3536.00
3495.00
3491.00
3400.00
3380.00
3400.00
3500.00
3675.00
3675.00
3700.00
3701.00
3886.00
4080.00
4080.00
4070.00
4078.00
4079.00
4080.00
4080.00
4100.00
4280.00
4280.00
4280.00
4480.00
4479.00
4445.00
4447.00
4448.00
4500.00
4725.00
4961.00
5085.00
5212.00
5342.00
5341.00
5339.00
5206.00
5085.00
4958.00
4835.00
4594.00
4472.00
4695.00
4710.00
4751.00
4750.00
4700.00
4700.00
4667.00
4664.00
4585.00
4573.00
4488.00
4356.00
4196.00
4184.00
4147.00
4187.00
4396.00
4497.00
4401.00
4348.00
4337.00
4329.00
4203.00
4000.00
3997.00
4150.00
4150.00
4000.00
3800.00
3610.00
3599.00
3700.00
3791.00
3800.00
3770.00
3700.00
3679.00
3600.00
3600.00
3600.00
3650.00
3800.00
3800.00
3800.00
3798.00
3770.00
3650.00
3650.00
3650.00
3650.00
3495.00
3321.00
3322.00
3322.00
3290.00
3338.00
3348.00
3358.00
3365.00
3480.00
3491.00
3516.00
3690.00
3560.00
3382.00
3213.00
3053.00
3052.00
3150.00
3149.00
3189.00
3140.00
3177.00
3150.00
3144.00
3160.00
3160.00
3160.00
3160.00
3058.00
3100.00
3066.00
3100.00
3050.00
3052.00
3100.00
2000.00
2100.00
2150.00
2257.00
2369.00
2487.00
2611.00
2619.00
2620.00
2650.00
2621.00
2600.00
2600.00
2580.00
2568.00
2564.00
2436.00
2315.00
2200.00
2110.00
2210.00
2315.00
2320.00
2320.00
2318.00
2320.00
2400.00
2400.00
2399.00
2310.00
2310.00
2195.00
2150.00
2257.00
2145.00
2155.00
2180.00
2141.00
2141.00
2140.00
2144.00
2143.00
2133.00
2119.00
2132.00
2133.00
2133.00
2133.00
2104.00
2201.00
2221.00
2332.00
2232.00
2236.00
2265.00
2378.00
2376.00
2377.00
2376.00
2359.00
2242.00
2236.00
2130.00
2130.00
2130.00
2133.00
2133.00
2133.00
2133.00
2134.00
2136.00
2136.00
2150.00
2150.00
2149.00
2150.00
2150.00
2150.00
2150.00
2050.00
2050.00
2049.00
2049.00
2049.00
2049.00
2049.00
2049.00
2049.00
2049.00
2053.00
2053.00
2053.00
2053.00
2053.00
2053.00
2053.00
2068.00
2075.00
2145.00
2153.00
2155.00
2155.00
2162.00
2163.00
2240.00
2297.00
2297.00
2369.00
2373.00
2436.00
2430.00
2428.00
2459.00
2456.00
2464.00
2473.00
2473.00
2473.00
2472.00
2472.00
2472.00
2476.00
2475.00
2479.00
2479.00
2479.00
2479.00
2478.00
2355.00
2238.00
2274.00
2272.00
2272.00
2272.00
2210.00
2179.00
2175.00
2122.00
2062.00
2061.00
2043.00
2042.00
2041.00
2040.00
2005.00
1982.00
2011.00
2009.00
2009.00
2009.00
2009.00
2005.00
2005.00
2004.00
1992.00
1991.00
1991.00
1991.00
1979.00
1985.00
1986.00
1991.00
2000.00
1999.00
1999.00
1999.00
1999.00
2000.00
2011.00
2016.00
2015.00
2015.00
2015.00
2015.00
2014.00
2013.00
2013.00
2013.00
2013.00
2013.00
2013.00
2017.00
2017.00
2020.00
2025.00
2126.00
2126.00
2126.00
2126.00
2126.00
2127.00
2141.00
2141.00
2238.00
2238.00
2200.00
2192.00
2191.00
2144.00
2144.00
2037.00
2037.00
2041.00
2042.00
2041.00
2042.00
2024.00
2023.00
2020.00
2017.00
2002.00
1993.00
1955.00
1929.00
1969.00
1969.00
2004.00
2004.00
2004.00
2002.00
1985.00
1960.00
1959.00
1957.00
1954.00
1950.00
1949.00
1920.00
1921.00
1935.00
1935.00
1977.00
1966.00
1966.00
1966.00
1964.00
1976.00
1983.00
1987.00
1987.00
1890.00
1890.00
1891.00
1901.00
1905.00
1905.00
1913.00
1918.00
1919.00
1925.00
1926.00
1929.00
1929.00
1929.00
1929.00
1929.00
1958.00
1950.00
1949.00
1949.00
1948.00
1947.00
1947.00
1947.00
1963.00
1970.00
2043.00
2037.00
2081.00
2053.00
2053.00
2052.00
2052.00
2052.00
2052.00
2052.00
2052.00
2052.00
2052.00
2052.00
2052.00
2052.00
2051.00
2051.00
2051.00
2058.00
2057.00
2053.00
2041.00
2013.00
2009.00
2013.00
2005.00
2009.00
2033.00
2041.00
2057.00
2086.00
2088.00
2089.00
2096.00
2782.00
2823.00
2869.00
2857.00
2856.00
2854.00
2842.00
2791.00
2801.00
2801.00
2811.00
2864.00
2921.00
2924.00
2932.00
2942.00
2943.00
2944.00
2945.00
3003.00
3063.00
3067.00
3091.00
3137.00
3199.00
3226.00
3275.00
3339.00
3372.00
3438.00
3476.00
3498.00
3501.00
3503.00
3500.00
3498.00
3471.00
3469.00
3469.00
3469.00
3462.00
3459.00
3419.00
3396.00
3329.00
3263.00
3263.00
3253.00
3238.00
3213.00
3177.00
3141.00
2268.00
2251.00
2229.00
2185.00
2176.00
2175.00
2159.00
2121.00
2125.00
2125.00
2147.00
2150.00
2150.00
2149.00
2149.00
2158.00
2199.00
2200.00
2200.00
2203.00
2204.00
2204.00
1496.00
1483.00
1483.00
1491.00
1495.00
1499.00
1498.00
1484.00
1483.00
1483.00
1483.00
1454.00
1437.00
1429.00
1437.00
1444.00
1444.00
1443.00
1439.00
1439.00
1436.00
1434.00
1431.00
1431.00
1403.00
1403.00
1403.00
1403.00
1403.00
1403.00
1403.00
1403.00
1403.00
1403.00
1403.00
1403.00
1403.00
1403.00
1403.00
1403.00
1403.00
1403.00
1403.00
1403.00
1403.00
1403.00
1403.00
1403.00
1403.00
1403.00
1403.00
1403.00
1403.00
1403.00
1403.00
1403.00
1403.00
1403.00
1403.00
1403.00
1403.00
1403.00
1403.00
1403.00
1403.00
1403.00
1403.00
1403.00
1403.00
1403.00
1403.00
1403.00
1403.00
1403.00
1403.00
1403.00
1403.00
1403.00
1403.00
1403.00
1403.00
1403.00
1403.00
1403.00
1403.00
1403.00
453.00
453.00
453.00
453.00
453.00
453.00
453.00
453.00
453.00
453.00
453.00
453.00
453.00
453.00
453.00
453.00
453.00
453.00
453.00
453.00
453.00
453.00
453.00
453.00
453.00
453.00
453.00
453.00
453.00
453.00
453.00
453.00
453.00
453.00
453.00
453.00
455.00
455.00
456.00
456.00
456.00
456.00
456.00
456.00
456.00
456.00
456.00
456.00
456.00
456.00
456.00
456.00
456.00
456.00
456.00
456.00
456.00
456.00
456.00
456.00
456.00
456.00
456.00
456.00
456.00
456.00
456.00
456.00
456.00
456.00
456.00
456.00
456.00
456.00
456.00
456.00
456.00
456.00
456.00
456.00
456.00
456.00
456.00
456.00
456.00
471.00
472.00
472.00
472.00
472.00
472.00
472.00
472.00
472.00
472.00
472.00
472.00
472.00
472.00
472.00
472.00
472.00
472.00
474.00
474.00
474.00
474.00
474.00
474.00
474.00
474.00
474.00
474.00
474.00
474.00
474.00
474.00
474.00
474.00
474.00
474.00
474.00
474.00
474.00
474.00
474.00
474.00
474.00
474.00
474.00
474.00
474.00
474.00
474.00
474.00
474.00
474.00
474.00
474.00
474.00
474.00
474.00
474.00
474.00
474.00
474.00
474.00
474.00
474.00
474.00
474.00
474.00
474.00
474.00
474.00
474.00
474.00
474.00
474.00
474.00
474.00
474.00
474.00
474.00
474.00
474.00
474.00
474.00
474.00
474.00
474.00
474.00
474.00
474.00
474.00
474.00
474.00
474.00
474.00
474.00
474.00
474.00
474.00
474.00
474.00
474.00
474.00
474.00
474.00
474.00
474.00
474.00
474.00
474.00
474.00
474.00
474.00
474.00
474.00
474.00
474.00
474.00
474.00
474.00
490.00
501.00
512.00
512.00
512.00
512.00
512.00
512.00
512.00
512.00
529.00
547.00
547.00
547.00
547.00
559.00
559.00
559.00
559.00
559.00
559.00
569.00
570.00
570.00
570.00
570.00
570.00
570.00
570.00
570.00
570.00
579.00
579.00
579.00
587.00
589.00
594.00
594.00
594.00
606.00
606.00
606.00
606.00
606.00
627.00
627.00
648.00
648.00
648.00
648.00
648.00
648.00
648.00
648.00
648.00
648.00
648.00
670.00
693.00
717.00
742.00
767.00
793.00
820.00
848.00
856.00
885.00
896.00
915.00
947.00
971.00
977.00
986.00
993.00
993.00
993.00
1013.00
1026.00
1033.00
1048.00
1048.00
1067.00
1090.00
1105.00
1141.00
1102.00
1102.00
1102.00
1102.00
1102.00
1102.00
1102.00
1102.00
1102.00
1102.00
1102.00
1064.00
1027.00
1027.00
1027.00
1027.00
1003.00
968.00
973.00
1007.00
1000.00
1019.00
1009.00
1009.00
1020.00
1019.00
1018.00
999.00
1037.00
1073.00
1073.00
1029.00
1024.00
992.00
977.00
977.00
977.00
977.00
977.00
977.00
977.00
973.00
973.00
974.00
974.00
998.00
998.00
1011.00
1011.00
971.00
992.00
977.00
1006.00
1016.00
1043.00
1080.00
1084.00
1081.00
1081.00
1081.00
1076.00
1049.00
1047.00
1046.00
1044.00
1032.00
1019.00
1035.00
1032.00
999.00
984.00
1011.00
1034.00
1060.00
1083.00
1064.00
1078.00
1068.00
1066.00
1053.00
1037.00
1037.00
1036.00
1031.00
1031.00
1018.00
1009.00
1011.00
1010.00
1010.00
1010.00
1006.00
1006.00
1006.00
1006.00
1011.00
1011.00
1011.00
1011.00
1011.00
1011.00
972.00
946.00
946.00
946.00
939.00
939.00
934.00
932.00
934.00
917.00
916.00
916.00
916.00
916.00
916.00
916.00
916.00
943.00
943.00
943.00
943.00
943.00
943.00
943.00
943.00
950.00
950.00
950.00
950.00
950.00
950.00
950.00
950.00
947.00
947.00
947.00
910.00
910.00
910.00
910.00
913.00
931.00
930.00
930.00
940.00
944.00
946.00
978.00
978.00
976.00
976.00
971.00
971.00
971.00
971.00
971.00
971.00
946.00
946.00
946.00
959.00
968.00
968.00
968.00
968.00
968.00
968.00
968.00
969.00
969.00
969.00
969.00
969.00
969.00
969.00
968.00
945.00
931.00
914.00
899.00
902.00
902.00
902.00
898.00
898.00
898.00
898.00
898.00
1511.00
1501.00
1479.00
1463.00
1463.00
1462.00
1462.00
1461.00
1404.00
1349.00
1401.00
1457.00
1458.00
1487.00
1508.00
1563.00
1625.00
1645.00
1672.00
1706.00
1717.00
1760.00
1762.00
1789.00
1850.00
1882.00
1913.00
1858.00
1810.00
1826.00
1770.00
1777.00
1733.00
1667.00
1605.00
1669.00
1730.00
1716.00
1693.00
1643.00
1639.00
1579.00
1608.00
1672.00
1651.00
1643.00
1591.00
1574.00
1552.00
1552.00
1552.00
1552.00
1552.00
1552.00
1552.00
1552.00
1552.00
1491.00
1434.00
1434.00
1434.00
1434.00
1434.00
1434.00
1365.00
1362.00
1308.00
1357.00
1379.00
1377.00
1363.00
1322.00
1275.00
1317.00
1369.00
1420.00
1462.00
1490.00
1431.00
1404.00
1397.00
1414.00
1470.00
1489.00
1547.00
1520.00
1545.00
1573.00
1518.00
1502.00
1499.00
1554.00
1611.00
1597.00
1601.00
1571.00
1531.00
1546.00
1533.00
1574.00
1636.00
1653.00
1667.00
1667.00
1628.00
1645.00
1580.00
1530.00
1585.00
1591.00
1578.00
1554.00
1610.00
1654.00
1705.00
1729.00
1784.00
1855.00
1929.00
2006.00
2011.00
2091.00
2125.00
2053.00
2053.00
2093.00
2176.00
2263.00
2353.00
2419.00
2515.00
2615.00
2700.00
2797.00
2908.00
3010.00
3130.00
3107.00
2983.00
2897.00
2794.00
2794.00
2786.00
2784.00
2783.00
2782.00
2505.00
2414.00
2482.00
2563.00
2644.00
2573.00
2472.00
2378.00
2284.00
2193.00
2110.00
2190.00
2277.00
2368.00
2462.00
2560.00
2662.00
2761.00
2733.00
2832.00
2945.00
3060.00
3179.00
3076.00
2965.00
2864.00
2976.00
3095.00
3218.00
3346.00
3479.00
3479.00
3479.00
3479.00
3300.00
3386.00
3511.00
3565.00
3460.00
3363.00
3266.00
3376.00
3511.00
3630.00
3672.00
3818.00
3959.00
4116.00
4272.00
4431.00
4608.00
4792.00
4983.00
5114.00
5230.00
5052.00
4872.00
4910.00
5104.00
5261.00
5079.00
5181.00
5365.00
5312.00
5115.00
4919.00
4729.00
4591.00
4595.00
4778.00
4969.00
5049.00
4917.00
5096.00
5279.00
5490.00
5356.00
5442.00
5605.00
5828.00
6059.00
6269.00
6315.00
6509.00
6769.00
7030.00
6959.00
7237.00
7526.00
7526.00
7526.00
7526.00
7526.00
7526.00
7526.00
7526.00
7526.00
7526.00
7526.00
7526.00
7526.00
7526.00
7526.00
7526.00
7526.00
7526.00
7526.00
4856.00
4991.00
5190.00
5379.00
5523.00
5343.00
5308.00
5107.00
5135.00
5317.00
5153.00
4988.00
4871.00
5065.00
5171.00
4995.00
4839.00
4831.00
4772.00
4588.00
4540.00
4359.00
4257.00
4176.00
4010.00
4071.00
4231.00
4366.00
4199.00
4147.00
4296.00
4263.00
4237.00
4093.00
3937.00
4015.00
3884.00
3796.00
3868.00
3890.00
3919.00
3961.00
3909.00
3820.00
3829.00
3786.00
3779.00
3851.00
4005.00
4107.00
3944.00
3796.00
3724.00
3615.00
3561.00
3439.00
3439.00
3583.00
3606.00
3484.00
3356.00
3435.00
3572.00
3710.00
3591.00
3449.00
3316.00
3195.00
3115.00
3198.00
3274.00
3374.00
3458.00
3569.00
3673.00
3557.00
3416.00
3503.00
3641.00
3631.00
3489.00
3435.00
3409.00
3531.00
3672.00
3816.00
3967.00
4064.00
4072.00
4209.00
4375.00
4550.00
4562.00
4432.00
4599.00
4782.00
4947.00
5143.00
5202.00
5018.00
4949.00
4881.00
4703.00
4515.00
4454.00
4338.00
4189.00
4332.00
4488.00
4663.00
4809.00
4993.00
5191.00
5391.00
5257.00
5141.00
5254.00
5447.00
5375.00
5160.00
5003.00
4976.00
4797.00
4606.00
4422.00
4571.00
4735.00
4923.00
4785.00
4602.00
4583.00
4593.00
4769.00
4782.00
4782.00
4782.00
4782.00
4782.00
4782.00
4782.00
4782.00
4782.00
4782.00
4782.00
4782.00
4782.00
4782.00
4782.00
4782.00
4782.00
4782.00
4782.00
4782.00
4782.00
4651.00
4827.00
4832.00
4713.00
4554.00
4712.00
4888.00
5082.00
5284.00
5284.00
5284.00
5284.00
5264.00
5264.00
5264.00
5264.00
5264.00
5264.00
5264.00
5264.00
5264.00
5264.00
5268.00
5058.00
5035.00
5034.00
4841.00
4823.00
4672.00
4757.00
4770.00
4669.00
4659.00
4702.00
4866.00
5059.00
5256.00
5463.00
5540.00
5693.00
5682.00
5471.00
5440.00
5468.00
5407.00
5232.00
5023.00
5028.00
5228.00
5427.00
5545.00
5719.00
5913.00
5931.00
6115.00
6359.00
6368.00
6240.00
5997.00
6149.00
6152.00
6030.00
5789.00
5694.00
5598.00
5614.00
5545.00
5417.00
5582.00
5784.00
5994.00
6192.00
6017.00
5778.00
5681.00
5738.00
5826.00
5798.00
5740.00
5608.00
5723.00
5928.00
6054.00
5950.00
5884.00
5650.00
5615.00
5650.00
5649.00
5649.00
5848.00
5876.00
6041.00
6278.00
6179.00
6070.00
6025.00
6185.00
6193.00
6043.00
5834.00
5646.00
5657.00
5572.00
5575.00
5571.00
5761.00
5910.00
5903.00
5696.00
5504.00
5476.00
5430.00
5351.00
5343.00
5379.00
5411.00
5385.00
5348.00
5318.00
5258.00
5251.00
5162.00
5072.00
4952.00
5022.00
5074.00
4998.00
4972.00
4910.00
4887.00
5039.00
5024.00
5078.00
5061.00
5048.00
5039.00
5034.00
5024.00
4972.00
4975.00
4966.00
4965.00
4983.00
4893.00
4831.00
4915.00
4915.00
4915.00
4915.00
4915.00
4915.00
4915.00
4915.00
4915.00
4915.00
4915.00
4915.00
4915.00
4915.00
4915.00
4915.00
4915.00
4915.00
4915.00
4915.00
5345.00
5445.00
5631.00
5420.00
5233.00
5268.00
5179.00
5180.00
5186.00
5062.00
5155.00
5328.00
5242.00
5444.00
5509.00
5504.00
5330.00
5531.00
5559.00
5771.00
6001.00
6217.00
5980.00
5745.00
5661.00
5486.00
5334.00
5277.00
5191.00
5379.00
5203.00
5123.00
4921.00
4906.00
5022.00
5157.00
5175.00
5382.00
5382.00
5382.00
5382.00
5432.00
5506.00
5561.00
5783.00
6014.00
6252.00
6261.00
6274.00
6267.00
6448.00
6705.00
6883.00
7068.00
7013.00
7025.00
6947.00
7117.00
7300.00
7547.00
7278.00
7262.00
7004.00
7199.00
6914.00
6679.00
6649.00
6861.00
6980.00
6981.00
6958.00
6936.00
6696.00
6454.00
6422.00
6653.00
6734.00
6537.00
6308.00
6328.00
6489.00
6747.00
6848.00
6817.00
6922.00
6922.00
6922.00
6882.00
6882.00
7157.00
7272.00
7488.00
7430.00
7237.00
7049.00
6930.00
6694.00
6457.00
6306.00
6247.00
6492.00
6748.00
6533.00
6452.00
6396.00
6618.00
6863.00
7118.00
7369.00
7151.00
6978.00
7220.00
7091.00
6915.00
6896.00
6721.00
6808.00
6824.00
6756.00
6818.00
6622.00
6857.00
7131.00
7172.00
7031.00
6840.00
7041.00
6763.00
6561.00
6317.00
6185.00
6247.00
6333.00
6551.00
6544.00
6804.00
7029.00
7308.00
7344.00
7293.00
7346.00
7063.00
6892.00
6898.00
7157.00
7370.00
7652.00
7956.00
7897.00
7622.00
7319.00
7319.00
7319.00
7319.00
7041.00
6841.00
6863.00
6909.00
6653.00
6577.00
6369.00
6523.00
6530.00
6698.00
6857.00
6865.00
7101.00
7118.00
7069.00
6863.00
6862.00
6870.00
6827.00
6595.00
6786.00
6838.00
7095.00
7366.00
7164.00
6889.00
6766.00
7035.00
7316.00
7608.00
7911.00
8128.00
7872.00
7950.00
7882.00
7839.00
7776.00
7779.00
7666.00
7451.00
7465.00
7454.00
7313.00
7202.00
7385.00
7483.00
7430.00
7385.00
7171.00
7171.00
7171.00
7171.00
7171.00
7171.00
7361.00
7139.00
7062.00
7013.00
6733.00
6733.00
6733.00
6733.00
6733.00
6733.00
1320.00
1320.00
1000.00
1000.00
1320.00
1320.00
1320.00
1463.00
1406.00
1395.00
1343.00
1290.00
1265.00
1240.00
1195.00
1228.00
1240.00
1285.00
1305.00
1340.00
1379.00
1394.00
1403.00
1405.00
1411.00
1467.00
1514.00
1571.00
1633.00
1654.00
1720.00
1730.00
1799.00
1799.00
1799.00
1799.00
1831.00
1851.00
1882.00
1884.00
1885.00
1898.00
1902.00
1916.00
1945.00
2175.00
2262.00
2254.00
2254.00
2254.00
2254.00
2302.00
2394.00
2455.00
2417.00
2386.00
2367.00
2367.00
2367.00
2345.00
2344.00
2344.00
2335.00
2335.00
2335.00
2335.00
2323.00
2322.00
2322.00
2052.00
2045.00
2042.00
2039.00
2038.00
2017.00
2049.00
2011.00
1993.00
1938.00
1874.00
1802.00
1760.00
1822.00
1778.00
1713.00
1702.00
1743.00
1727.00
1774.00
1735.00
1690.00
1675.00
1657.00
1709.00
1663.00
1641.00
1661.00
1633.00
1630.00
1690.00
1717.00
1665.00
1628.00
1613.00
1613.00
1613.00
1613.00
1603.00
1557.00
1496.00
1460.00
1497.00
1501.00
1454.00
1418.00
1365.00
1409.00
1465.00
1513.00
1535.00
1509.00
1485.00
1431.00
1406.00
1372.00
1321.00
1298.00
1261.00
1248.00
1283.00
1329.00
1313.00
1304.00
1315.00
1299.00
1343.00
1342.00
1290.00
1244.00
1198.00
1170.00
1137.00
1092.00
1130.00
1087.00
1049.00
1048.00
1070.00
1029.00
993.00
954.00
929.00
911.00
901.00
910.00
942.00
971.00
1007.00
1046.00
1087.00
1121.00
1134.00
1155.00
1201.00
1211.00
1192.00
1176.00
1136.00
1177.00
1138.00
1103.00
1108.00
1112.00
1070.00
1057.00
1017.00
1024.00
1063.00
1068.00
1037.00
1020.00
1021.00
1021.00
999.00
993.00
987.00
987.00
987.00
987.00
987.00
987.00
987.00
987.00
1026.00
1030.00
1063.00
1092.00
1083.00
1068.00
1028.00
990.00
957.00
937.00
971.00
1007.00
996.00
976.00
969.00
961.00
951.00
925.00
928.00
937.00
907.00
910.00
908.00
901.00
895.00
898.00
892.00
857.00
832.00
862.00
870.00
868.00
868.00
864.00
859.00
853.00
836.00
828.00
822.00
819.00
816.00
808.00
808.00
808.00
808.00
808.00
808.00
794.00
783.00
783.00
784.00
780.00
776.00
779.00
774.00
773.00
771.00
751.00
749.00
770.00
801.00
836.00
875.00
879.00
846.00
811.00
815.00
817.00
817.00
822.00
856.00
863.00
833.00
833.00
833.00
824.00
817.00
812.00
797.00
792.00
796.00
800.00
804.00
796.00
798.00
797.00
821.00
862.00
874.00
870.00
830.00
814.00
812.00
796.00
790.00
815.00
853.00
853.00
853.00
853.00
894.00
911.00
955.00
997.00
1000.00
1001.00
957.00
940.00
979.00
1026.00
1051.00
1016.00
1059.00
1108.00
1128.00
1079.00
1027.00
977.00
955.00
919.00
960.00
1008.00
1014.00
1014.00
1014.00
1014.00
1005.00
964.00
949.00
950.00
928.00
938.00
972.00
986.00
968.00
940.00
931.00
967.00
973.00
951.00
953.00
975.00
997.00
1002.00
970.00
969.00
955.00
973.00
986.00
982.00
979.00
961.00
965.00
956.00
998.00
1037.00
1088.00
1081.00
1028.00
1028.00
1028.00
1028.00
1028.00
1028.00
1028.00
1043.00
1002.00
963.00
966.00
950.00
957.00
953.00
967.00
937.00
947.00
943.00
934.00
937.00
931.00
933.00
919.00
932.00
965.00
1010.00
1034.00
1075.00
1027.00
1045.00
1013.00
993.00
1041.00
1093.00
1147.00
1177.00
1209.00
1267.00
1281.00
1282.00
1335.00
1302.00
1250.00
1287.00
1302.00
1359.00
1361.00
1334.00
1340.00
1361.00
1309.00
1251.00
1276.00
1251.00
1302.00
1309.00
1282.00
1318.00
1298.00
1300.00
1273.00
1234.00
1220.00
1212.00
1267.00
1274.00
1243.00
1258.00
1254.00
1302.00
1365.00
1347.00
1400.00
1398.00
1331.00
1274.00
1305.00
1266.00
1262.00
1235.00
1238.00
1231.00
1235.00
1229.00
1249.00
1295.00
1240.00
1228.00
1246.00
1244.00
1213.00
1209.00
1220.00
1213.00
1250.00
1233.00
1236.00
1227.00
1186.00
1130.00
1136.00
1124.00
1115.00
1114.00
1109.00
1138.00
1159.00
1139.00
1122.00
1126.00
1105.00
1123.00
1110.00
1125.00
1108.00
1083.00
1123.00
1164.00
1114.00
1165.00
1217.00
1205.00
1192.00
1197.00
1163.00
1189.00
1159.00
1164.00
1216.00
1224.00
1205.00
1173.00
1226.00
1284.00
1280.00
1224.00
1219.00
1160.00
1147.00
1192.00
1158.00
1150.00
1129.00
1092.00
1062.00
1093.00
1137.00
1111.00
1124.00
1144.00
1175.00
1151.00
1139.00
1122.00
1123.00
1118.00
1105.00
1094.00
1074.00
1077.00
1068.00
1081.00
1082.00
1117.00
1118.00
1121.00
1111.00
1160.00
1148.00
1164.00
1174.00
1123.00
1135.00
1137.00
1130.00
1150.00
1140.00
1138.00
1128.00
1115.00
1138.00
1122.00
1120.00
1125.00
1111.00
1108.00
1108.00
1103.00
1116.00
1165.00
1157.00
1130.00
1133.00
1116.00
1094.00
1103.00
1141.00
1174.00
1207.00
1188.00
1242.00
1235.00
1288.00
1245.00
1209.00
1209.00
1263.00
1272.00
1255.00
1314.00
1376.00
1313.00
1331.00
1283.00
1329.00
1368.00
1358.00
1397.00
1389.00
1389.00
1356.00
1343.00
1291.00
1284.00
1280.00
1282.00
1273.00
1283.00
1289.00
1277.00
1277.00
1277.00
1256.00
1258.00
1257.00
1246.00
1264.00
1271.00
1244.00
1242.00
1242.00
1206.00
1193.00
1233.00
1241.00
1212.00
1212.00
1212.00
1212.00
1212.00
1212.00
1212.00
1212.00
1212.00
1212.00
1167.00
1147.00
1127.00
1112.00
1162.00
1164.00
1146.00
1147.00
1131.00
1132.00
1129.00
1105.00
1106.00
1091.00
1105.00
1101.00
1090.00
1065.00
1064.00
1057.00
1021.00
1021.00
1021.00
1021.00
1021.00
1021.00
998.00
1003.00
992.00
1020.00
1032.00
1078.00
1130.00
1161.00
1171.00
1187.00
1151.00
1153.00
1159.00
1189.00
1175.00
1147.00
1132.00
1114.00
1122.00
1151.00
1121.00
1108.00
1113.00
1103.00
1130.00
1139.00
1122.00
1100.00
1103.00
1105.00
1120.00
1116.00
1112.00
1101.00
1101.00
1101.00
1101.00
1101.00
1101.00
1101.00
1054.00
1028.00
1035.00
1041.00
1087.00
1090.00
1111.00
1108.00
1130.00
1139.00
1188.00
1231.00
1288.00
1254.00
1271.00
1234.00
1238.00
1292.00
1344.00
1341.00
1385.00
1451.00
1482.00
1547.00
1624.00
1705.00
1790.00
1831.00
1831.00
1831.00
1831.00
1831.00
1831.00
1831.00
1831.00
1831.00
1831.00
1831.00
1831.00
1831.00
1831.00
1831.00
1831.00
1831.00
1831.00
1831.00
1831.00
1831.00
1831.00
1831.00
1831.00
1831.00
1831.00
1744.00
1720.00
1718.00
1644.00
1564.00
1498.00
1443.00
1499.00
1506.00
1465.00
1403.00
1343.00
1299.00
1299.00
1299.00
1299.00
1299.00
1299.00
1299.00
1299.00
1299.00
1299.00
1563.00
1562.00
1515.00
1573.00
1650.00
1725.00
1790.00
1721.00
1798.00
1783.00
1805.00
1799.00
1726.00
1739.00
1669.00
1681.00
1638.00
1605.00
1683.00
1715.00
1663.00
1706.00
1670.00
1655.00
1658.00
1656.00
1607.00
1556.00
1630.00
1668.00
1637.00
1594.00
1631.00
1662.00
1671.00
1728.00
1722.00
1739.00
1694.00
1670.00
1624.00
1600.00
1606.00
1682.00
1669.00
1611.00
1592.00
1576.00
1552.00
1569.00
1642.00
1722.00
1796.00
1825.00
1879.00
1972.00
2027.00
2088.00
1992.00
1897.00
1945.00
2004.00
1974.00
1998.00
2006.00
1974.00
1903.00
1886.00
1886.00
1856.00
1780.00
1836.00
1897.00
1984.00
2012.00
1939.00
1931.00
2001.00
1971.00
1971.00
2040.00
2140.00
2203.00
2230.00
2182.00
2141.00
2133.00
2113.00
2035.00
2034.00
2038.00
2038.00
2038.00
2038.00
2011.00
2023.00
1963.00
1956.00
1916.00
1913.00
1878.00
1928.00
1947.00
1949.00
1899.00
1862.00
1947.00
1947.00
1947.00
2026.00
2044.00
2014.00
2113.00
2142.00
2142.00
2142.00
2142.00
2142.00
2142.00
2142.00
2055.00
2105.00
2129.00
2033.00
2101.00
2204.00
2303.00
2334.00
2433.00
2542.00
2660.00
2778.00
2886.00
2768.00
2821.00
2775.00
2678.00
2686.00
2788.00
2819.00
2768.00
2810.00
2813.00
2743.00
2639.00
2672.00
2699.00
2701.00
2745.00
2776.00
2780.00
2768.00
2690.00
2659.00
2731.00
2793.00
2783.00
2727.00
2736.00
2664.00
2713.00
2691.00
2613.00
2656.00
2655.00
2586.00
2493.00
2432.00
2545.00
2633.00
2657.00
2616.00
2584.00
2584.00
2537.00
2531.00
2518.00
2482.00
2425.00
2431.00
2400.00
2302.00
2194.00
2120.00
2180.00
2288.00
2401.00
2344.00
2432.00
2550.00
2582.00
2594.00
2583.00
2489.00
2375.00
2277.00
2259.00
2260.00
2263.00
2296.00
2250.00
2234.00
2256.00
2251.00
2360.00
2347.00
2385.00
2486.00
2596.00
2520.00
2477.00
2542.00
2492.00
2467.00
2429.00
2533.00
2533.00
2533.00
2602.00
2497.00
2505.00
2484.00
2455.00
2427.00
2518.00
2622.00
2728.00
2642.00
2634.00
2571.00
2534.00
2514.00
2516.00
2543.00
2574.00
2539.00
2474.00
2505.00
2558.00
2452.00
2501.00
2487.00
2454.00
2389.00
2505.00
2550.00
2552.00
2578.00
2578.00
2578.00
2578.00
2578.00
2578.00
2578.00
2578.00
2578.00
2578.00
2578.00
2578.00
2578.00
2578.00
2578.00
2578.00
2517.00
2550.00
2465.00
2351.00
2308.00
2220.00
2202.00
2203.00
2300.00
2356.00
2327.00
2361.00
2375.00
2478.00
2373.00
2401.00
2406.00
2499.00
2502.00
2469.00
2540.00
2662.00
2794.00
2932.00
3078.00
3276.00
3258.00
3368.00
3386.00
3549.00
3726.00
3726.00
3726.00
4104.00
4309.00
4370.00
4376.00
4568.00
4396.00
4186.00
3977.00
3834.00
3936.00
4028.00
4161.00
4030.00
3829.00
3638.00
3729.00
3739.00
3625.00
3770.00
3743.00
3568.00
3391.00
3224.00
3065.00
3173.00
3282.00
3315.00
3394.00
3527.00
3700.00
3882.00
4076.00
3878.00
4049.00
4236.00
4142.00
3992.00
3800.00
3746.00
3746.00
3746.00
3746.00
3639.00
3742.00
3580.00
3503.00
3435.00
3573.00
3612.00
3768.00
3945.00
3941.00
3749.00
3715.00
3819.00
3767.00
3634.00
3742.00
3837.00
3898.00
3852.00
3781.00
3738.00
3729.00
3684.00
3682.00
3599.00
3674.00
3806.00
3806.00
3806.00
3936.00
3805.00
3675.00
3653.00
3665.00
3653.00
3631.00
3657.00
3600.00
3667.00
3629.00
3629.00
3629.00
3629.00
3629.00
3629.00
3629.00
3629.00
3629.00
3629.00
3629.00
3629.00
3629.00
3629.00
3629.00
3629.00
3629.00
3629.00
3629.00
3629.00
3629.00
3629.00
3629.00
3629.00
3629.00
3629.00
3629.00
3629.00
3629.00
3629.00
3629.00
3629.00
3629.00
3629.00
3629.00
3629.00
3629.00
3629.00
3629.00
3629.00
3629.00
3629.00
3629.00
3629.00
3629.00
3629.00
3629.00
3629.00
3629.00
3629.00
3629.00
3629.00
3629.00
3629.00
3629.00
4728.00
4964.00
5208.00
5208.00
5208.00
5678.00
5961.00
6259.00
6309.00
6620.00
6941.00
6624.00
6432.00
6142.00
6142.00
6306.00
6104.00
6308.00
6617.00
6943.00
7290.00
7654.00
8036.00
8437.00
8858.00
9300.00
9736.00
9736.00
9736.00
9736.00
9736.00
9736.00
9736.00
10012.00
10512.00
11037.00
11588.00
12167.00
12642.00
13274.00
13937.00
14633.00
15364.00
15364.00
16791.00
16008.00
16008.00
17633.00
18513.00
18513.00
18513.00
18513.00
18513.00
18513.00
18513.00
18513.00
18513.00
18513.00
18513.00
18513.00
18513.00
18513.00
18513.00
18513.00
18513.00
18513.00
18513.00
18060.00
17425.00
16554.00
15889.00
16017.00
16478.00
16950.00
17797.00
17797.00
19453.00
20242.00
21231.00
22279.00
23632.00
22466.00
21358.00
21358.00
21358.00
21358.00
21358.00
19341.00
20230.00
21430.00
20394.00
19590.00
18671.00
19526.00
20488.00
20359.00
19376.00
18626.00
19166.00
19445.00
19020.00
18220.00
19018.00
19950.00
20947.00
21994.00
23093.00
24247.00
25456.00
26728.00
26873.00
28046.00
28046.00
28046.00
28046.00
27242.00
27242.00
26267.00
25083.00
23829.00
23316.00
22151.00
21906.00
21283.00
20584.00
19893.00
20861.00
21888.00
22970.00
22018.00
23017.00
24032.00
26022.00
25277.00
24897.00
24291.00
24291.00
24291.00
23902.00
22707.00
23484.00
23484.00
23484.00
25110.00
24872.00
23988.00
23963.00
23360.00
24445.00
24620.00
23977.00
23977.00
23977.00
23977.00
25189.00
25953.00
26235.00
25024.00
24735.00
24077.00
24634.00
24505.00
24271.00
25091.00
24648.00
23848.00
25026.00
26053.00
26137.00
25315.00
25688.00
26000.00
25850.00
24654.00
23497.00
22519.00
22069.00
22510.00
23627.00
24283.00
23303.00
22981.00
23317.00
23746.00
24933.00
26162.00
25681.00
26555.00
26555.00
26555.00
26555.00
32119.00
33572.00
33495.00
31950.00
32621.00
34110.00
35286.00
35359.00
34977.00
34075.00
35038.00
36703.00
38538.00
40464.00
41237.00
43298.00
45324.00
45324.00
45324.00
45324.00
45324.00
45324.00
45324.00
45324.00
47386.00
45777.00
44564.00
42630.00
41853.00
41401.00
39518.00
38076.00
37581.00
39460.00
41186.00
43111.00
45191.00
46687.00
49021.00
51472.00
52260.00
50196.00
48689.00
47378.00
49623.00
52048.00
53288.00
55952.00
58749.00
58341.00
59431.00
61837.00
62370.00
62481.00
59886.00
57563.00
56240.00
59052.00
62004.00
65104.00
66316.00
64337.00
63760.00
66545.00
65577.00
62755.00
60062.00
62321.00
61612.00
60976.00
63976.00
67174.00
70532.00
74058.00
77331.00
81197.00
85256.00
89518.00
93993.00
93850.00
95149.00
95149.00
99900.00
102262.00
106804.00
112140.00
114090.00
118870.00
122760.00
118850.00
113980.00
115320.00
119880.00
114830.00
114830.00
114830.00
115240.00
116190.00
110990.00
107570.00
109150.00
114600.00
117730.00
117730.00
117730.00
113440.00
107900.00
104110.00
106060.00
111360.00
116320.00
120520.00
114990.00
109330.00
108240.00
103750.00
108930.00
114370.00
120080.00
126080.00
132380.00
138990.00
144140.00
151170.00
146530.00
142020.00
135450.00
135410.00
128890.00
122450.00
116580.00
116600.00
111930.00
108120.00
103480.00
101490.00
101940.00
106640.00
110860.00
106460.00
103870.00
107860.00
110300.00
107960.00
107680.00
102500.00
99220.00
95690.00
91550.00
95070.00
99700.00
97580.00
92740.00
89400.00
85540.00
81700.00
77870.00
77360.00
76960.00
76520.00
74470.00
