CLOSE
1989.00
1989.00
2000.00
2000.00
2000.00
1900.00
1950.00
1950.00
1950.00
2000.00
2000.00
2000.00
2000.00
2000.00
2000.00
2000.00
2000.00
2000.00
2000.00
2000.00
2000.00
2000.00
2000.00
2000.00
2000.00
2000.00
2000.00
2000.00
2000.00
2000.00
2200.00
2200.00
2000.00
2200.00
2200.00
2200.00
2500.00
2500.00
2200.00
2200.00
2200.00
2600.00
2600.00
2202.00
2202.00
2700.00
2285.00
2610.00
2600.00
2600.00
2600.00
2500.00
2687.00
2687.00
2500.00
2500.00
2500.00
2500.00
2500.00
2637.00
2637.00
2749.00
2749.00
2700.00
2700.00
2700.00
2700.00
2729.00
2800.00
2800.00
2899.00
2600.00
2600.00
2600.00
2797.00
2797.00
2797.00
2900.00
2741.00
2741.00
2741.00
2769.00
2769.00
2700.00
2664.00
2467.00
2500.00
2400.00
2500.00
2500.00
2500.00
2500.00
2500.00
2500.00
2500.00
2500.00
2500.00
2511.00
2595.00
2502.00
2596.00
2900.00
2900.00
2900.00
2900.00
2900.00
2590.00
2590.00
2555.00
2555.00
2507.00
2502.00
2502.00
2502.00
2502.00
2501.00
2501.00
2501.00
2502.00
2501.00
2500.00
2500.00
2500.00
2501.00
2500.00
2501.00
2500.00
2500.00
2500.00
2500.00
2500.00
2511.00
2503.00
2500.00
2518.00
2518.00
2518.00
2518.00
2600.00
2525.00
2525.00
2525.00
2523.00
2523.00
2532.00
2525.00
2520.00
2520.00
2525.00
2600.00
2600.00
2600.00
2600.00
2588.00
2721.00
2790.00
2790.00
2615.00
2796.00
2796.00
2827.00
2790.00
2795.00
2890.00
2900.00
2950.00
2813.00
2813.00
2813.00
2713.00
2700.00
2890.00
2890.00
2890.00
2800.00
2800.00
2750.00
2740.00
2740.00
2740.00
2740.00
2740.00
2740.00
2800.00
2800.00
2800.00
2800.00
2800.00
2800.00
2800.00
2800.00
2800.00
2357.00
2357.00
2357.00
2357.00
2357.00
2357.00
2633.00
2500.00
2505.00
2500.00
2500.00
2500.00
2504.00
2504.00
2504.00
2504.00
2504.00
2502.00
2502.00
2502.00
2502.00
2502.00
2400.00
2352.00
2301.00
2301.00
2300.00
2500.00
2464.00
2464.00
2030.00
2030.00
2030.00
2010.00
2010.00
2001.00
2001.00
1980.00
1980.00
1999.00
1999.00
2000.00
2000.00
2000.00
1950.00
1932.00
1911.00
1720.00
1895.00
1944.00
1894.00
1756.00
1900.00
1915.00
1915.00
1900.00
1911.00
1911.00
1930.00
1930.00
1769.00
1839.00
1839.00
1839.00
1850.00
1850.00
1850.00
1957.00
1859.00
1859.00
1723.00
1760.00
1757.00
1757.00
1752.00
1729.00
1699.00
1610.00
1686.00
1610.00
1600.00
1610.00
1605.00
1610.00
1610.00
1602.00
1632.00
1651.00
1700.00
1700.00
1704.00
1740.00
1740.00
1621.00
1650.00
1650.00
1650.00
1611.00
1680.00
1680.00
1613.00
1610.00
1610.00
1610.00
1604.00
1604.00
1600.00
1599.00
1599.00
1570.00
1570.00
1570.00
1507.00
1477.00
1477.00
1440.00
1440.00
1450.00
1450.00
1404.00
1430.00
1430.00
1434.00
1431.00
1431.00
1431.00
1431.00
1431.00
1431.00
1431.00
1500.00
1500.00
1500.00
1500.00
1400.00
1400.00
1400.00
1400.00
1400.00
1349.00
1400.00
1396.00
1396.00
1400.00
1400.00
1325.00
1325.00
1402.00
1445.00
1445.00
1400.00
1400.00
1400.00
1400.00
1629.00
1629.00
2100.00
2100.00
2105.00
2105.00
2105.00
2097.00
1736.00
1700.00
1873.00
1873.00
1873.00
1800.00
1800.00
1700.00
1702.00
1698.00
1698.00
1567.00
1567.00
1569.00
1569.00
1569.00
1550.00
1550.00
1550.00
1550.00
1550.00
1550.00
1550.00
1568.00
1568.00
1568.00
1550.00
1550.00
1571.00
1571.00
1571.00
1571.00
1573.00
1520.00
1565.00
1565.00
1565.00
1565.00
1565.00
1580.00
1580.00
1580.00
1550.00
1550.00
1552.00
1570.00
1550.00
1550.00
1552.00
1550.00
1550.00
1531.00
1539.00
1518.00
1548.00
1548.00
1548.00
1548.00
1548.00
1548.00
1548.00
1548.00
1548.00
1548.00
1548.00
1548.00
1548.00
1548.00
1548.00
1548.00
1548.00
1548.00
1548.00
1548.00
1450.00
1380.00
1380.00
1380.00
1390.00
1380.00
1350.00
1350.00
1350.00
1350.00
1366.00
1350.00
1361.00
1360.00
1625.00
1625.00
1367.00
1350.00
1400.00
1352.00
1352.00
1400.00
1400.00
1400.00
1400.00
1400.00
1400.00
1350.00
1350.00
1402.00
1327.00
1327.00
1327.00
1327.00
1328.00
1328.00
1350.00
1350.00
1350.00
1350.00
1350.00
1350.00
1350.00
1350.00
1303.00
1350.00
1350.00
1350.00
1301.00
1301.00
1302.00
1301.00
1301.00
1317.00
1350.00
1350.00
1350.00
1350.00
1300.00
1306.00
1306.00
1306.00
1306.00
1346.00
1349.00
1350.00
1325.00
1248.00
1234.00
1234.00
1300.00
1300.00
1275.00
1275.00
1275.00
1200.00
1200.00
1216.00
1216.00
1150.00
1150.00
1150.00
1150.00
1150.00
1200.00
1200.00
1200.00
1158.00
1153.00
1174.00
1159.00
1147.00
1153.00
1153.00
1134.00
1134.00
1134.00
1134.00
1133.00
1130.00
1130.00
1130.00
1131.00
1131.00
1134.00
1134.00
1052.00
1131.00
1133.00
1132.00
1120.00
1121.00
1132.00
1137.00
1155.00
1192.00
1202.00
1202.00
1200.00
1200.00
1210.00
1211.00
1211.00
1252.00
1223.00
1223.00
1223.00
1208.00
1200.00
1200.00
1200.00
1212.00
1238.00
1252.00
1225.00
1210.00
1206.00
1200.00
1214.00
1220.00
1210.00
1247.00
1250.00
1250.00
1234.00
1210.00
1244.00
1250.00
1261.00
1264.00
1564.00
1564.00
1496.00
1399.00
1334.00
1334.00
1334.00
1334.00
1254.00
1254.00
1399.00
1399.00
1399.00
1399.00
1399.00
1399.00
1348.00
1257.00
1273.00
1300.00
1285.00
1300.00
1296.00
1288.00
1289.00
1289.00
1301.00
1320.00
1320.00
1320.00
1291.00
1334.00
1334.00
1284.00
1284.00
1280.00
1280.00
1279.00
1279.00
1279.00
1280.00
1260.00
1279.00
1252.00
1246.00
1250.00
1250.00
1250.00
1250.00
1249.00
1245.00
1247.00
1250.00
1250.00
1250.00
1250.00
1250.00
1243.00
1243.00
1241.00
1241.00
1234.00
1203.00
1230.00
1201.00
1201.00
1175.00
1175.00
1175.00
1220.00
1220.00
1200.00
1180.00
1200.00
1200.00
1200.00
1200.00
1197.00
1197.00
1197.00
1154.00
1154.00
1199.00
1155.00
1155.00
1155.00
1155.00
1155.00
1155.00
1155.00
1155.00
1155.00
1155.00
1155.00
1155.00
1155.00
1155.00
1155.00
1155.00
1195.00
1195.00
1195.00
1195.00
1195.00
1200.00
1200.00
1200.00
1100.00
1100.00
1100.00
1100.00
1222.00
1222.00
1222.00
1100.00
1100.00
1100.00
1050.00
1090.00
1079.00
1079.00
1096.00
1096.00
1098.00
1099.00
1012.00
1019.00
1019.00
1100.00
1079.00
1079.00
1089.00
1089.00
1091.00
1100.00
1094.00
1095.00
1095.00
1092.00
1092.00
1092.00
1085.00
1041.00
1020.00
1020.00
1020.00
975.00
975.00
905.00
899.00
900.00
900.00
890.00
931.00
931.00
931.00
931.00
920.00
926.00
938.00
938.00
995.00
932.00
932.00
935.00
939.00
939.00
922.00
922.00
922.00
930.00
914.00
914.00
914.00
886.00
886.00
886.00
900.00
900.00
888.00
899.00
900.00
900.00
900.00
900.00
821.00
821.00
834.00
833.00
833.00
833.00
833.00
833.00
833.00
819.00
834.00
834.00
834.00
834.00
834.00
833.00
833.00
833.00
833.00
833.00
732.00
732.00
732.00
732.00
732.00
732.00
732.00
799.00
833.00
833.00
833.00
833.00
833.00
833.00
833.00
818.00
818.00
818.00
875.00
875.00
875.00
875.00
877.00
877.00
877.00
877.00
877.00
900.00
900.00
900.00
908.00
985.00
942.00
1000.00
1080.00
1080.00
1080.00
1080.00
1080.00
1039.00
1038.00
1038.00
1038.00
1038.00
1069.00
1090.00
1090.00
1090.00
1090.00
1096.00
1094.00
1090.00
1094.00
1094.00
1078.00
1078.00
1078.00
1032.00
1032.00
1032.00
1032.00
1017.00
1070.00
1070.00
1070.00
972.00
972.00
1062.00
1010.00
1047.00
1048.00
1064.00
1071.00
1072.00
1077.00
1063.00
1050.00
1035.00
1048.00
1073.00
1051.00
1051.00
1042.00
1040.00
974.00
1040.00
994.00
972.00
950.00
919.00
889.00
890.00
881.00
883.00
881.00
888.00
836.00
829.00
800.00
782.00
779.00
767.00
751.00
738.00
711.00
717.00
738.00
710.00
738.00
763.00
711.00
711.00
709.00
709.00
722.00
721.00
729.00
771.00
820.00
894.00
916.00
827.00
827.00
827.00
827.00
827.00
827.00
827.00
827.00
827.00
827.00
827.00
827.00
827.00
827.00
827.00
827.00
827.00
827.00
827.00
827.00
827.00
827.00
827.00
827.00
827.00
827.00
827.00
827.00
827.00
827.00
827.00
827.00
827.00
827.00
827.00
827.00
827.00
827.00
827.00
827.00
827.00
827.00
827.00
827.00
827.00
827.00
827.00
827.00
827.00
827.00
827.00
827.00
827.00
827.00
827.00
827.00
827.00
827.00
827.00
827.00
827.00
827.00
827.00
827.00
827.00
827.00
827.00
827.00
827.00
827.00
827.00
827.00
827.00
827.00
827.00
827.00
827.00
827.00
827.00
827.00
827.00
827.00
827.00
827.00
827.00
827.00
827.00
827.00
827.00
827.00
827.00
827.00
827.00
827.00
827.00
827.00
827.00
827.00
827.00
827.00
827.00
827.00
827.00
827.00
827.00
827.00
827.00
827.00
827.00
827.00
827.00
827.00
827.00
827.00
827.00
827.00
827.00
827.00
827.00
827.00
827.00
827.00
827.00
827.00
827.00
827.00
827.00
827.00
827.00
827.00
827.00
827.00
827.00
827.00
827.00
827.00
827.00
827.00
827.00
827.00
827.00
827.00
827.00
827.00
827.00
827.00
827.00
827.00
827.00
827.00
827.00
827.00
827.00
827.00
827.00
827.00
827.00
827.00
827.00
827.00
827.00
827.00
827.00
827.00
827.00
827.00
827.00
827.00
827.00
827.00
827.00
827.00
827.00
827.00
827.00
827.00
827.00
827.00
827.00
827.00
827.00
827.00
827.00
827.00
827.00
827.00
827.00
827.00
827.00
827.00
827.00
827.00
827.00
827.00
827.00
827.00
827.00
827.00
827.00
827.00
827.00
827.00
827.00
827.00
827.00
827.00
827.00
827.00
827.00
827.00
827.00
827.00
827.00
827.00
827.00
827.00
827.00
827.00
827.00
827.00
827.00
827.00
827.00
827.00
827.00
827.00
827.00
827.00
827.00
827.00
827.00
827.00
827.00
827.00
827.00
827.00
827.00
827.00
827.00
827.00
827.00
827.00
827.00
827.00
827.00
827.00
827.00
827.00
827.00
827.00
827.00
827.00
827.00
827.00
827.00
827.00
827.00
827.00
827.00
827.00
827.00
827.00
827.00
827.00
827.00
827.00
827.00
827.00
827.00
827.00
827.00
827.00
827.00
827.00
827.00
827.00
827.00
827.00
827.00
827.00
827.00
827.00
827.00
827.00
827.00
827.00
827.00
1066.00
1588.00
1625.00
1647.00
1602.00
1726.00
1889.00
2077.00
2284.00
2284.00
1912.00
2060.00
2106.00
1959.00
1828.00
1991.00
1824.00
1649.00
1556.00
1700.00
1809.00
1763.00
1844.00
1715.00
1586.00
1515.00
1428.00
1414.00
1434.00
1556.00
1691.00
1563.00
1487.00
1590.00
1742.00
1856.00
1708.00
1820.00
1792.00
1707.00
1601.00
1501.00
1526.00
1510.00
1533.00
1514.00
1412.00
1458.00
1406.00
1349.00
1411.00
1421.00
1341.00
1318.00
1318.00
1318.00
1318.00
1318.00
1318.00
1318.00
1318.00
1318.00
1318.00
1318.00
1318.00
1318.00
1318.00
1318.00
1318.00
1318.00
1318.00
1318.00
1318.00
1318.00
1318.00
1318.00
1318.00
1318.00
1318.00
1318.00
1318.00
1318.00
1318.00
1318.00
1500.00
1564.00
1422.00
1447.00
1400.00
1388.00
1376.00
1329.00
1370.00
1346.00
1342.00
1262.00
1269.00
1228.00
1235.00
1235.00
1204.00
1157.00
1137.00
1138.00
1223.00
1194.00
1161.00
1203.00
1223.00
1261.00
1218.00
1262.00
1249.00
1252.00
1323.00
1375.00
1386.00
1344.00
1339.00
1331.00
1284.00
1363.00
1388.00
1374.00
1355.00
1345.00
1333.00
1406.00
1425.00
1457.00
1443.00
1445.00
1530.00
1534.00
1584.00
1630.00
1613.00
1555.00
1604.00
1560.00
1504.00
1578.00
1521.00
1516.00
1550.00
1514.00
1629.00
1668.00
1632.00
1620.00
1746.00
1806.00
1647.00
1509.00
1575.00
1563.00
1467.00
1523.00
1656.00
1672.00
1707.00
1633.00
1606.00
1686.00
1630.00
1595.00
1654.00
1715.00
1760.00
1742.00
1676.00
1588.00
1561.00
1627.00
1676.00
1645.00
1774.00
1873.00
2046.00
2062.00
2104.00
1926.00
2021.00
2058.00
2037.00
1998.00
2105.00
2244.00
2396.00
2593.00
2612.00
2625.00
2573.00
2456.00
2380.00
2494.00
2518.00
2413.00
2367.00
2216.00
2250.00
2250.00
2250.00
2250.00
2250.00
2250.00
2250.00
2250.00
2250.00
2250.00
2280.00
2280.00
2280.00
2280.00
2280.00
2280.00
2280.00
2280.00
2280.00
2553.00
2479.00
2477.00
2442.00
2551.00
2630.00
2827.00
2913.00
2837.00
2708.00
2675.00
2605.00
2666.00
2682.00
2681.00
2681.00
2681.00
2681.00
2681.00
2681.00
2841.00
2926.00
2919.00
2926.00
2926.00
3087.00
3194.00
3289.00
3384.00
3464.00
3493.00
3397.00
3297.00
3318.00
3221.00
3144.00
3084.00
2994.00
3043.00
2965.00
2881.00
2817.00
2741.00
2659.00
2659.00
2732.00
2702.00
2693.00
2770.00
2833.00
2756.00
2710.00
2639.00
2624.00
2618.00
2575.00
2559.00
2610.00
2620.00
2598.00
2523.00
2577.00
2654.00
2733.00
2869.00
2955.00
3033.00
3120.00
3226.00
3321.00
3237.00
3218.00
3299.00
3397.00
3497.00
3651.00
3760.00
3831.00
3865.00
3933.00
3831.00
3724.00
3631.00
3737.00
3849.00
3952.00
3989.00
4015.00
4038.00
3934.00
3823.00
3845.00
3741.00
3714.00
3603.00
3495.00
3392.00
3325.00
3391.00
3487.00
3561.00
3726.00
3799.00
3850.00
3742.00
3640.00
3746.00
3785.00
3788.00
3705.00
3729.00
3838.00
3871.00
3943.00
4061.00
4180.00
4385.00
4458.00
4329.00
4201.00
4187.00
4072.00
3992.00
3898.00
3808.00
3912.00
3947.00
4065.00
4268.00
4396.00
4527.00
4558.00
4785.00
4927.00
5074.00
5224.00
5450.00
5524.00
5687.00
5812.00
5817.00
5683.00
5853.00
6028.00
6208.00
6518.00
6713.00
6810.00
7145.00
7348.00
7568.00
7763.00
8151.00
8395.00
8646.00
8905.00
9350.00
9616.00
9487.00
9764.00
10024.00
10136.00
10349.00
10068.00
10296.00
10604.00
10915.00
11442.00
11758.00
12097.00
12459.00
13073.00
12880.00
12811.00
12434.00
12545.00
12387.00
12594.00
12597.00
12949.00
12874.00
12533.00
12883.00
13269.00
13667.00
13582.00
13178.00
12828.00
12753.00
12432.00
12152.00
12453.00
12731.00
13112.00
13256.00
13280.00
13557.00
13963.00
14266.00
14965.00
15336.00
14884.00
14470.00
14859.00
15304.00
15763.00
16235.00
16987.00
17468.00
17992.00
18418.00
17946.00
17458.00
17751.00
17315.00
16875.00
16450.00
16911.00
16810.00
17198.00
16687.00
16343.00
16826.00
17329.00
17472.00
17296.00
17655.00
18184.00
18729.00
19665.00
20254.00
20861.00
21486.00
22560.00
23236.00
23933.00
23909.00
24309.00
23580.00
23642.00
23021.00
22026.00
21366.00
21366.00
21366.00
21366.00
21366.00
21345.00
21345.00
21345.00
21345.00
16008.00
16084.00
15767.00
15763.00
15612.00
15602.00
15505.00
15040.00
14434.00
14400.00
14824.00
14852.00
14520.00
14085.00
13874.00
13471.00
13120.00
12764.00
12464.00
12091.00
11814.00
