CLOSE
19491.00
19491.00
19492.00
19520.00
19755.00
19783.00
19789.00
19789.00
19851.00
20049.00
20249.00
20451.00
20655.00
21655.00
22737.00
23873.00
25500.00
26137.00
26790.00
27459.00
27733.00
28010.00
28010.00
28290.00
28290.00
28290.00
28290.00
28550.00
28549.00
28834.00
29122.00
29413.00
29707.00
30004.00
30004.00
30004.00
30300.00
30302.00
30302.00
30300.00
30299.00
30147.00
30147.00
29992.00
29693.00
29397.00
29104.00
29104.00
29105.00
29100.00
29105.00
29112.00
29114.00
29114.00
29114.00
29115.00
29132.00
29132.00
29139.00
29141.00
29141.00
29158.00
29449.00
29166.00
29169.00
29171.00
29350.00
29400.00
29186.00
29193.00
29484.00
29193.00
29199.00
29199.00
29208.00
29250.00
29234.00
29240.00
29280.00
29280.00
29247.00
29330.00
29330.00
29332.00
29331.00
29331.00
29331.00
29199.00
29101.00
29200.00
29240.00
29270.00
29270.00
29726.00
29726.00
29726.00
29726.00
30023.00
30323.00
30626.00
30932.00
31241.00
31553.00
31868.00
32186.00
32507.00
32832.00
33160.00
33491.00
33825.00
34163.00
34503.00
34500.00
34500.00
34521.00
34548.00
34893.00
34906.00
35255.00
35550.00
35550.00
35905.00
36264.00
36626.00
36992.00
37361.00
37734.00
38111.00
38492.00
38492.00
38502.00
38117.00
38498.00
38500.00
38600.00
38600.00
38800.00
38800.00
38815.00
38839.00
38839.00
38850.00
38863.00
39007.00
39397.00
39790.00
40187.00
40588.00
40640.00
41046.00
41456.00
41870.00
42288.00
42710.00
43777.00
44871.00
45992.00
45992.00
45846.00
45999.00
50061.00
51312.00
52594.00
53908.00
55255.00
55259.00
56640.00
58056.00
59507.00
60994.00
61071.00
60900.00
60582.00
60399.00
61002.00
61612.00
62228.00
62850.00
63478.00
64112.00
64753.00
65400.00
65421.00
64767.00
64120.00
64250.00
64892.00
65540.00
66195.00
66856.00
67524.00
68199.00
68199.00
68190.00
67995.00
67316.00
66643.00
65977.00
65318.00
64665.00
64019.00
63379.00
64019.00
63379.00
62746.00
61178.00
59649.00
58158.00
56705.00
56705.00
57271.00
57272.00
57230.00
57802.00
58380.00
58963.00
59552.00
60147.00
60692.00
60770.00
61377.00
61990.00
62609.00
63220.00
62588.00
61963.00
61344.00
60731.00
61338.00
61503.00
61503.00
61504.00
62119.00
62250.00
65286.00
65938.00
66597.00
67262.00
67934.00
68613.00
69299.00
69991.00
70690.00
71396.00
72109.00
72830.00
72480.00
24181.00
24422.00
24666.00
24912.00
25161.00
25412.00
25666.00
25922.00
26181.00
26442.00
26706.00
26973.00
27242.00
27514.00
27789.00
27799.00
27522.00
27247.00
26975.00
26706.00
26439.00
26175.00
26360.00
26491.00
26695.00
26697.00
26697.00
26431.00
26167.00
25906.00
25647.00
25391.00
25138.00
24887.00
24639.00
24393.00
24150.00
23909.00
23670.00
23434.00
23200.00
22968.00
22739.00
22512.00
22737.00
22964.00
23190.00
23421.00
23655.00
23655.00
23891.00
23880.00
23642.00
23406.00
23172.00
23392.00
23399.00
23305.00
23072.00
22842.00
22614.00
22388.00
22165.00
21944.00
22000.00
22190.00
22411.00
22635.00
22639.00
22639.00
22861.00
22860.00
22866.00
22790.00
22563.00
22338.00
22115.00
21894.00
21676.00
21460.00
21246.00
21034.00
20824.00
20412.00
19501.00
18526.00
19178.00
18222.00
17630.00
17703.00
18588.00
19517.00
20400.00
19527.00
18551.00
19175.00
19174.00
18600.00
17677.00
18535.00
18102.00
18102.00
18848.00
18848.00
18848.00
18848.00
18848.00
18848.00
18848.00
18848.00
18848.00
18848.00
8010.00
8077.00
8154.00
8255.00
8313.00
8431.00
8553.00
8592.00
8632.00
8707.00
8708.00
8835.00
8856.00
8884.00
8927.00
8952.00
9096.00
9187.00
9361.00
9479.00
9502.00
9356.00
9422.00
9423.00
9424.00
9418.00
9404.00
9400.00
9406.00
9366.00
9370.00
9369.00
9364.00
9368.00
9368.00
9368.00
9374.00
9370.00
9378.00
9386.00
9392.00
9391.00
9384.00
9373.00
9339.00
9237.00
9235.00
9228.00
9212.00
9183.00
9299.00
9298.00
8834.00
8775.00
8689.00
8685.00
8670.00
8654.00
8639.00
8522.00
8210.00
8013.00
8004.00
7604.00
7578.00
7577.00
7576.00
7575.00
7742.00
7744.00
8130.00
8150.00
8176.00
8237.00
8298.00
8365.00
8366.00
8428.00
8446.00
8470.00
8470.00
8471.00
8464.00
8456.00
8445.00
8401.00
8356.00
8360.00
8473.00
8475.00
8475.00
8475.00
8475.00
8471.00
8470.00
8453.00
8452.00
8446.00
8436.00
8427.00
8412.00
8330.00
8330.00
8324.00
8337.00
8333.00
8334.00
8340.00
8355.00
8388.00
8250.00
8251.00
8287.00
8306.00
8307.00
8309.00
8313.00
8324.00
8334.00
8351.00
8363.00
8781.00
8784.00
8837.00
8846.00
8849.00
9291.00
9755.00
9756.00
10243.00
10755.00
11292.00
10919.00
10764.00
11294.00
11820.00
12279.00
12789.00
12902.00
12738.00
12293.00
12224.00
12165.00
12388.00
12638.00
12850.00
12797.00
12704.00
12588.00
12641.00
12847.00
13076.00
13132.00
13787.00
13674.00
13637.00
13677.00
13685.00
13680.00
13679.00
13668.00
13668.00
13663.00
13357.00
13341.00
13301.00
13233.00
12721.00
12716.00
12726.00
12718.00
12614.00
12551.00
12510.00
12509.00
12502.00
12498.00
11874.00
11281.00
10717.00
10721.00
10733.00
10737.00
10760.00
10750.00
10731.00
10704.00
10686.00
10672.00
10672.00
10660.00
10646.00
10575.00
10511.00
10426.00
10376.00
10363.00
10340.00
10264.00
10220.00
10171.00
10158.00
10156.00
10149.00
10114.00
10113.00
10111.00
9983.00
9885.00
9828.00
9820.00
9748.00
9740.00
9734.00
9730.00
9728.00
9249.00
9220.00
9181.00
9176.00
9144.00
9103.00
9075.00
8869.00
9211.00
9458.00
9668.00
9784.00
9781.00
10108.00
10501.00
10456.00
10455.00
10427.00
10407.00
10406.00
10405.00
10012.00
9500.00
9499.00
9489.00
9448.00
9443.00
9371.00
9367.00
9334.00
9297.00
9292.00
9284.00
9270.00
9257.00
9255.00
9242.00
9042.00
9009.00
9002.00
8990.00
8856.00
8885.00
8883.00
8867.00
8681.00
8676.00
8541.00
8532.00
8540.00
8549.00
8552.00
8523.00
8541.00
8541.00
8333.00
7917.00
7988.00
8047.00
8190.00
8316.00
8316.00
8306.00
8301.00
8301.00
8254.00
8306.00
8408.00
8426.00
8436.00
8440.00
8442.00
8451.00
8463.00
8468.00
8471.00
8473.00
8474.00
8476.00
8476.00
8478.00
8480.00
8480.00
8482.00
8482.00
8483.00
8484.00
8484.00
8484.00
8485.00
8485.00
8485.00
8485.00
8485.00
8485.00
8487.00
8488.00
8488.00
8489.00
8490.00
8492.00
8492.00
8496.00
8496.00
8496.00
8496.00
8496.00
8496.00
8518.00
8522.00
8531.00
8541.00
8551.00
8559.00
8567.00
8581.00
8593.00
8602.00
8617.00
8630.00
8647.00
8647.00
8647.00
8647.00
8647.00
8647.00
8647.00
8647.00
8647.00
8647.00
8647.00
8647.00
8701.00
8788.00
8875.00
8962.00
9051.00
9139.00
9151.00
9153.00
9154.00
9154.00
9155.00
9155.00
9155.00
9324.00
9324.00
9324.00
9323.00
9323.00
9323.00
9322.00
7500.00
7501.00
7519.00
7519.00
7539.00
7539.00
7539.00
7535.00
7531.00
7531.00
7470.00
7463.00
7458.00
7457.00
7453.00
7445.00
7444.00
7441.00
7441.00
7456.00
7463.00
7465.00
7501.00
7510.00
7510.00
7513.00
7513.00
7513.00
7517.00
7517.00
7569.00
7570.00
7569.00
7569.00
7565.00
7565.00
7565.00
7565.00
7565.00
7565.00
7565.00
7565.00
7563.00
7556.00
7553.00
7552.00
7552.00
7552.00
7552.00
7552.00
7543.00
7524.00
7518.00
7510.00
7507.00
7507.00
7481.00
7480.00
7476.00
7462.00
7440.00
7440.00
7440.00
7359.00
7359.00
7212.00
7068.00
6927.00
6789.00
6654.00
5600.00
5600.00
5488.00
5379.00
5379.00
5378.00
5375.00
5374.00
5366.00
5259.00
5154.00
5051.00
5152.00
5157.00
5165.00
5186.00
5248.00
5249.00
5249.00
5201.00
5201.00
5188.00
5187.00
5145.00
5144.00
5141.00
5139.00
5138.00
5138.00
5138.00
5132.00
5129.00
5130.00
5130.00
5131.00
5131.00
5131.00
5131.00
5131.00
5130.00
5129.00
5132.00
5132.00
5132.00
5132.00
5132.00
5132.00
5132.00
5132.00
5126.00
5126.00
5122.00
5116.00
5116.00
5116.00
5116.00
5177.00
5178.00
4797.00
4810.00
4838.00
4838.00
4838.00
4838.00
4838.00
4839.00
4839.00
4839.00
4839.00
4837.00
4824.00
4822.00
4820.00
4795.00
4809.00
4810.00
4811.00
4812.00
4814.00
4814.00
4814.00
4813.00
4806.00
4799.00
4755.00
4755.00
4680.00
4670.00
4530.00
4529.00
4528.00
4527.00
4527.00
4524.00
4511.00
4508.00
4505.00
4497.00
4486.00
4483.00
4477.00
4471.00
4468.00
4465.00
4462.00
4462.00
4462.00
4462.00
4462.00
4462.00
4462.00
4462.00
4462.00
4448.00
4448.00
4448.00
4448.00
4448.00
4448.00
4448.00
4448.00
4448.00
4448.00
4448.00
4448.00
4448.00
4446.00
4446.00
4443.00
4442.00
4442.00
4439.00
4439.00
4439.00
4433.00
4432.00
4432.00
4432.00
4432.00
4432.00
4432.00
4432.00
4432.00
4432.00
4432.00
4432.00
4431.00
4431.00
4431.00
4431.00
4430.00
4430.00
4430.00
4430.00
4430.00
4430.00
4430.00
4430.00
4430.00
4430.00
4430.00
4430.00
4430.00
4430.00
4430.00
4430.00
4430.00
4430.00
4430.00
4430.00
4430.00
4430.00
4430.00
4430.00
4259.00
4257.00
4257.00
4257.00
4232.00
4232.00
4228.00
4228.00
4228.00
4228.00
4228.00
4228.00
4228.00
4228.00
4228.00
4228.00
4217.00
4217.00
4217.00
4217.00
4217.00
4216.00
4216.00
4216.00
4216.00
4216.00
4216.00
4216.00
4216.00
4216.00
4209.00
4209.00
4209.00
4209.00
4209.00
4209.00
4209.00
4209.00
4209.00
4207.00
4207.00
4207.00
4207.00
4207.00
4207.00
4207.00
4207.00
4193.00
4193.00
4193.00
4193.00
4193.00
4192.00
4192.00
4192.00
4187.00
4187.00
4187.00
4187.00
4187.00
4187.00
4187.00
4187.00
4271.00
4271.00
4271.00
4287.00
4287.00
4287.00
4287.00
4291.00
4291.00
4291.00
3431.00
3431.00
3431.00
3431.00
3431.00
3431.00
3431.00
3500.00
3500.00
3500.00
3497.00
3497.00
3497.00
3497.00
3497.00
3492.00
3492.00
3492.00
3476.00
3476.00
3476.00
3476.00
3476.00
3476.00
3476.00
3476.00
3476.00
3476.00
3476.00
3476.00
3475.00
3475.00
3475.00
3475.00
3471.00
3471.00
3471.00
3471.00
3471.00
3471.00
3471.00
3471.00
3471.00
3471.00
3471.00
3471.00
3471.00
3471.00
3471.00
3471.00
3471.00
3471.00
3486.00
3486.00
3486.00
3486.00
3492.00
3492.00
3492.00
3492.00
3492.00
3495.00
3495.00
3599.00
3599.00
3600.00
3610.00
3610.00
3610.00
3610.00
3610.00
3610.00
3610.00
3610.00
3618.00
3618.00
3618.00
3620.00
3651.00
3651.00
3651.00
3651.00
3651.00
3656.00
3659.00
3662.00
3662.00
3662.00
3662.00
3662.00
3662.00
3662.00
3662.00
3662.00
3662.00
3662.00
3662.00
3662.00
3662.00
3662.00
3664.00
3666.00
3666.00
3666.00
3666.00
3666.00
3666.00
3666.00
3666.00
3675.00
3675.00
3677.00
3681.00
3697.00
3703.00
3738.00
3770.00
3776.00
3782.00
3782.00
3782.00
3782.00
3782.00
3782.00
3782.00
3782.00
3782.00
3782.00
3782.00
3782.00
3829.00
3829.00
3829.00
3829.00
3829.00
3829.00
3829.00
3829.00
3830.00
3830.00
3830.00
3830.00
3830.00
3833.00
3836.00
3836.00
3840.00
3840.00
3840.00
3840.00
3840.00
3840.00
3840.00
3840.00
3840.00
3840.00
3840.00
3840.00
3840.00
3840.00
3840.00
3840.00
3840.00
3840.00
3840.00
3840.00
3840.00
3840.00
3840.00
3840.00
3840.00
3840.00
3840.00
3840.00
3840.00
3840.00
3840.00
3840.00
3840.00
3840.00
3840.00
3840.00
3840.00
3840.00
4015.00
4083.00
4225.00
4226.00
4231.00
4233.00
4233.00
4233.00
4381.00
4455.00
4610.00
4610.00
4610.00
4610.00
4610.00
4614.00
4627.00
4627.00
4627.00
4788.00
4935.00
4988.00
4990.00
4991.00
4991.00
4991.00
4991.00
4991.00
4991.00
4991.00
4991.00
4991.00
4991.00
4991.00
4991.00
4991.00
4991.00
4991.00
4991.00
4991.00
4991.00
4991.00
5051.00
5062.00
5064.00
5085.00
5085.00
5085.00
5085.00
5085.00
5085.00
5085.00
5085.00
5288.00
5499.00
5718.00
5834.00
5836.00
5836.00
5809.00
5805.00
5850.00
5852.00
5851.00
5851.00
5849.00
5863.00
5985.00
6001.00
6027.00
6049.00
6061.00
6067.00
6129.00
6135.00
6133.00
6132.00
6155.00
6155.00
6154.00
6152.00
6152.00
6152.00
6152.00
6152.00
6152.00
6150.00
6150.00
6150.00
6150.00
6150.00
6144.00
6144.00
6139.00
6139.00
6135.00
6135.00
6131.00
6131.00
6127.00
6123.00
6123.00
6123.00
6123.00
6123.00
6123.00
6123.00
6123.00
6123.00
6125.00
6125.00
6125.00
6125.00
6125.00
6125.00
6125.00
6135.00
6146.00
6147.00
6147.00
6147.00
6145.00
6155.00
6162.00
6162.00
6162.00
6164.00
6166.00
6202.00
6202.00
6450.00
6594.00
6818.00
7090.00
7099.00
7070.00
7072.00
7071.00
7070.00
7068.00
7058.00
7058.00
7058.00
7054.00
7051.00
7046.00
7040.00
7036.00
7035.00
7033.00
7031.00
7031.00
7031.00
6935.00
6930.00
6930.00
6923.00
6923.00
6918.00
6918.00
6911.00
6911.00
6908.00
6910.00
6910.00
6910.00
6911.00
6911.00
6893.00
6892.00
6892.00
6892.00
6892.00
6870.00
6880.00
6889.00
6912.00
6940.00
6940.00
6941.00
7218.00
7506.00
7739.00
7917.00
7985.00
7984.00
7995.00
8062.00
8062.00
9009.00
9369.00
9743.00
9844.00
9879.00
9909.00
9922.00
10164.00
10372.00
10480.00
10887.00
11315.00
11526.00
11419.00
11395.00
10950.00
10548.00
10554.00
10554.00
10970.00
10939.00
10949.00
10884.00
10724.00
10711.00
10678.00
10580.00
10561.00
10561.00
10561.00
10561.00
10561.00
10561.00
10561.00
10561.00
10561.00
10561.00
10561.00
11896.00
12311.00
12507.00
12987.00
13028.00
12997.00
12991.00
13104.00
13089.00
12998.00
13040.00
13139.00
13141.00
13147.00
13257.00
13376.00
13911.00
13919.00
13927.00
13925.00
13905.00
13875.00
13874.00
13872.00
13869.00
13629.00
13628.00
13628.00
13628.00
13470.00
13384.00
13355.00
13355.00
14395.00
14367.00
14499.00
14499.00
14503.00
14479.00
14479.00
14479.00
14479.00
12479.00
12479.00
12477.00
12247.00
12009.00
11892.00
11499.00
11501.00
11498.00
11497.00
11497.00
11930.00
12407.00
12446.00
12493.00
12470.00
12470.00
12445.00
12294.00
12293.00
12150.00
12036.00
12036.00
11960.00
11555.00
11525.00
11620.00
11709.00
11731.00
11730.00
11730.00
11730.00
11729.00
11612.00
11606.00
11603.00
11600.00
11600.00
11583.00
11581.00
11581.00
11566.00
11542.00
11554.00
11553.00
11525.00
11536.00
11525.00
11525.00
11525.00
11525.00
11514.00
11490.00
11489.00
11298.00
11289.00
11289.00
11244.00
11244.00
11263.00
11202.00
11202.00
11202.00
11197.00
11063.00
11039.00
11018.00
10614.00
10642.00
10642.00
10642.00
11039.00
11445.00
11593.00
11594.00
11639.00
11670.00
11670.00
11671.00
11676.00
11730.00
11745.00
11737.00
11728.00
11921.00
11921.00
11750.00
11748.00
11696.00
11682.00
11675.00
11649.00
11649.00
11646.00
11546.00
11514.00
11510.00
11499.00
11345.00
11345.00
11345.00
11345.00
11345.00
11345.00
11345.00
11345.00
11345.00
11345.00
11345.00
11345.00
11345.00
11345.00
11345.00
11345.00
11345.00
11345.00
11345.00
11345.00
11345.00
11345.00
11345.00
11345.00
11345.00
11345.00
11345.00
11345.00
11345.00
12432.00
12383.00
12402.00
12412.00
12401.00
12400.00
12550.00
12520.00
12400.00
12400.00
12397.00
12506.00
12504.00
12501.00
12502.00
12504.00
12486.00
12459.00
12459.00
12900.00
13275.00
13393.00
13926.00
14482.00
14811.00
14583.00
15162.00
15765.00
15765.00
15765.00
15765.00
15765.00
15765.00
15765.00
15765.00
15765.00
15765.00
15765.00
15765.00
15765.00
15765.00
15765.00
15765.00
15765.00
15765.00
15765.00
15765.00
15765.00
15765.00
15765.00
15765.00
15765.00
15765.00
15765.00
15765.00
15765.00
15765.00
15765.00
15765.00
15765.00
15765.00
15765.00
15765.00
15765.00
15765.00
20447.00
19703.00
19606.00
19650.00
19909.00
19886.00
19894.00
19900.00
20685.00
21218.00
21372.00
21550.00
21524.00
21424.00
21614.00
21589.00
21646.00
21646.00
21646.00
21646.00
21646.00
21646.00
21646.00
21646.00
21646.00
21646.00
21646.00
21646.00
21646.00
21646.00
21646.00
21646.00
21646.00
21646.00
21646.00
21646.00
21646.00
21646.00
21646.00
21646.00
21646.00
21646.00
21646.00
21646.00
21646.00
21646.00
21646.00
21646.00
21646.00
17796.00
22133.00
22717.00
22097.00
22082.00
21902.00
21062.00
20991.00
20983.00
20981.00
20655.00
20527.00
20213.00
19737.00
19762.00
20136.00
20194.00
20111.00
20102.00
20010.00
20024.00
19659.00
19707.00
19717.00
19461.00
18781.00
18866.00
18894.00
19643.00
20428.00
21244.00
22093.00
22976.00
23639.00
24495.00
24923.00
25873.00
26495.00
25618.00
24725.00
24876.00
24933.00
24931.00
24946.00
24758.00
24635.00
24435.00
24112.00
23392.00
23323.00
23300.00
22372.00
22093.00
22116.00
22265.00
22674.00
22758.00
23364.00
23598.00
24087.00
24088.00
24089.00
24323.00
24323.00
24323.00
24323.00
24323.00
24323.00
24323.00
24323.00
24323.00
24323.00
24323.00
24323.00
24323.00
24323.00
24323.00
24323.00
24323.00
24323.00
24323.00
24323.00
24323.00
24323.00
24323.00
24323.00
24323.00
24323.00
24323.00
24323.00
24323.00
24323.00
24323.00
24323.00
24323.00
24323.00
24323.00
24323.00
24323.00
24323.00
24323.00
24323.00
24323.00
24323.00
24323.00
24323.00
24323.00
24323.00
24323.00
24323.00
24323.00
24323.00
24323.00
24323.00
24323.00
24323.00
24323.00
24323.00
24323.00
24323.00
24323.00
24323.00
24323.00
24323.00
24323.00
24323.00
24323.00
24323.00
24323.00
24323.00
24323.00
24323.00
24323.00
24323.00
24323.00
24323.00
24323.00
24323.00
24323.00
24323.00
24323.00
46987.00
48604.00
50532.00
52553.00
54223.00
56277.00
56325.00
54843.00
54970.00
55344.00
53943.00
52303.00
52567.00
53810.00
54087.00
54409.00
54150.00
54087.00
53616.00
53140.00
52572.00
52561.00
52561.00
52561.00
50926.00
48922.00
48358.00
47939.00
48437.00
49618.00
49683.00
50176.00
50672.00
50944.00
49685.00
49699.00
49554.00
50721.00
50868.00
51649.00
53304.00
53763.00
52253.00
51316.00
51168.00
51245.00
51328.00
52072.00
52226.00
50602.00
51726.00
53670.00
54675.00
54675.00
54675.00
49940.00
49940.00
49940.00
49940.00
49940.00
16646.00
16646.00
16646.00
16646.00
16646.00
16646.00
16646.00
16646.00
16646.00
16646.00
16646.00
16646.00
16646.00
16646.00
16646.00
16646.00
16646.00
16646.00
16646.00
16646.00
16646.00
16646.00
16646.00
16646.00
16646.00
16646.00
16646.00
16646.00
16646.00
23544.00
24352.00
25311.00
26087.00
25420.00
24796.00
24635.00
23972.00
24863.00
24646.00
24237.00
25162.00
26168.00
26632.00
27549.00
28641.00
29207.00
30346.00
31492.00
31197.00
30031.00
30874.00
32108.00
33352.00
34395.00
33349.00
32213.00
32219.00
31550.00
30353.00
30667.00
30163.00
31322.00
32406.00
32632.00
31819.00
31157.00
32375.00
33621.00
33032.00
32868.00
33975.00
35316.00
35281.00
34765.00
35313.00
35227.00
34979.00
35409.00
36284.00
35420.00
34402.00
34493.00
33767.00
33111.00
33880.00
33752.00
34113.00
33352.00
33387.00
33190.00
33141.00
32220.00
32673.00
33160.00
33292.00
32308.00
31880.00
31811.00
31060.00
30132.00
30603.00
31783.00
31574.00
30487.00
30146.00
31349.00
32590.00
32074.00
31948.00
31722.00
30487.00
30374.00
30713.00
31838.00
31595.00
31302.00
30882.00
30917.00
30971.00
31197.00
30400.00
31018.00
31069.00
31207.00
31691.00
31537.00
32180.00
32829.00
34035.00
33595.00
33105.00
33153.00
33146.00
34329.00
34603.00
34928.00
35257.00
34979.00
35499.00
34331.00
33555.00
32778.00
33199.00
34526.00
35463.00
36039.00
36539.00
35569.00
35225.00
34853.00
34896.00
35140.00
35634.00
35553.00
35323.00
35124.00
34895.00
34729.00
34478.00
34103.00
34103.00
31922.00
32894.00
33597.00
33001.00
32010.00
31752.00
31597.00
31460.00
30757.00
30926.00
31360.00
31783.00
32798.00
33332.00
33676.00
33077.00
32510.00
32506.00
32520.00
32398.00
32078.00
31297.00
31580.00
32110.00
32629.00
32782.00
32768.00
32749.00
32700.00
32540.00
32381.00
32183.00
31884.00
31640.00
31539.00
30636.00
30923.00
31201.00
31185.00
31138.00
31024.00
31219.00
31162.00
31330.00
31174.00
30766.00
30835.00
31072.00
31459.00
31617.00
31597.00
31577.00
31420.00
30838.00
30779.00
30687.00
30237.00
30114.00
30441.00
30896.00
30744.00
30676.00
30650.00
30502.00
30406.00
29922.00
29788.00
29630.00
29510.00
29120.00
28775.00
28783.00
28789.00
28538.00
28304.00
28134.00
27954.00
27954.00
27954.00
23254.00
24728.00
24599.00
24390.00
24305.00
24238.00
24066.00
23873.00
23711.00
23565.00
23398.00
22923.00
22792.00
22768.00
22752.00
22751.00
22728.00
22697.00
22671.00
22476.00
22354.00
22326.00
22311.00
21832.00
21692.00
21406.00
21247.00
20700.00
20622.00
20425.00
20348.00
20300.00
20253.00
20245.00
20222.00
20216.00
20232.00
20233.00
20307.00
20357.00
20991.00
21245.00
21730.00
22119.00
22165.00
21857.00
21678.00
21386.00
21222.00
21182.00
21116.00
21099.00
21027.00
20981.00
20789.00
20402.00
20224.00
20164.00
20070.00
20842.00
21172.00
21100.00
21052.00
20837.00
20763.00
20730.00
19901.00
19811.00
19339.00
19452.00
19452.00
19452.00
19452.00
19452.00
6484.00
6484.00
6484.00
6484.00
7459.00
7757.00
7997.00
7954.00
7925.00
7882.00
7832.00
7812.00
7795.00
7767.00
7738.00
7728.00
7686.00
7649.00
7629.00
7615.00
7596.00
7582.00
7563.00
7512.00
7489.00
7439.00
7394.00
7363.00
7329.00
7219.00
7210.00
7190.00
7164.00
7150.00
7126.00
7116.00
7078.00
7067.00
7064.00
7012.00
6897.00
6937.00
7122.00
7363.00
7385.00
7502.00
7553.00
7539.00
7519.00
7477.00
7476.00
7505.00
7507.00
7509.00
7453.00
7447.00
7448.00
7442.00
7426.00
7408.00
7381.00
7393.00
7408.00
7524.00
7809.00
7799.00
7782.00
7742.00
7939.00
8215.00
8332.00
8471.00
8472.00
8508.00
8506.00
8680.00
8837.00
8904.00
9011.00
9114.00
9118.00
9129.00
9108.00
9092.00
8952.00
8881.00
8792.00
8505.00
8439.00
8132.00
8377.00
8539.00
8614.00
8591.00
8553.00
8399.00
8361.00
8330.00
8305.00
8284.00
8229.00
8181.00
8160.00
8126.00
8093.00
8046.00
8031.00
8026.00
8022.00
8062.00
8087.00
8093.00
8098.00
8042.00
8009.00
7915.00
7797.00
7788.00
7712.00
7669.00
7590.00
7537.00
7281.00
7398.00
7399.00
7397.00
7477.00
7457.00
7397.00
7371.00
7357.00
7352.00
7363.00
7390.00
7392.00
7475.00
7652.00
7722.00
7737.00
7771.00
7808.00
7839.00
7851.00
7783.00
7855.00
7840.00
7852.00
7748.00
7763.00
7748.00
7804.00
7804.00
7804.00
6504.00
6504.00
6492.00
6482.00
6433.00
6361.00
6368.00
6368.00
6368.00
6365.00
6348.00
6337.00
6368.00
6386.00
6420.00
6431.00
6443.00
6443.00
6446.00
6536.00
6524.00
6518.00
6778.00
6991.00
6982.00
6948.00
6871.00
6766.00
6640.00
6608.00
6582.00
6554.00
6542.00
6528.00
6512.00
6504.00
6504.00
6500.00
6495.00
6475.00
6455.00
6452.00
6448.00
6425.00
6402.00
6424.00
6235.00
6181.00
6183.00
6194.00
6206.00
6201.00
6269.00
6271.00
6271.00
6271.00
6263.00
6262.00
6263.00
6280.00
6281.00
6276.00
6272.00
6269.00
6269.00
6271.00
6269.00
6259.00
6259.00
6260.00
6261.00
6268.00
6272.00
6299.00
6311.00
6370.00
6397.00
6451.00
6602.00
6594.00
6591.00
6568.00
6598.00
6628.00
6688.00
6717.00
6723.00
6726.00
6726.00
6740.00
6861.00
6858.00
6824.00
6824.00
6803.00
6784.00
6767.00
6763.00
6733.00
6722.00
6701.00
6684.00
6657.00
6623.00
6604.00
6603.00
6598.00
6570.00
6526.00
6515.00
6495.00
6391.00
6309.00
6303.00
6293.00
6291.00
6290.00
6285.00
6260.00
6183.00
6161.00
6108.00
6087.00
6074.00
6061.00
6060.00
6059.00
6045.00
6232.00
6343.00
6363.00
6370.00
6361.00
6642.00
6655.00
6647.00
6647.00
6613.00
6528.00
6442.00
6434.00
6430.00
6422.00
6422.00
6417.00
6416.00
6404.00
6395.00
6383.00
6364.00
6653.00
6647.00
6615.00
6609.00
6607.00
6587.00
6556.00
6542.00
6535.00
6527.00
6523.00
6489.00
6480.00
6509.00
6535.00
6556.00
6579.00
6612.00
6637.00
6659.00
6680.00
6689.00
6689.00
6689.00
6688.00
6698.00
6891.00
6898.00
6893.00
6904.00
6901.00
6899.00
6895.00
6885.00
6893.00
6887.00
6880.00
6895.00
6894.00
6880.00
6871.00
6875.00
6869.00
6868.00
6864.00
6855.00
6786.00
6786.00
6786.00
6786.00
6786.00
6786.00
6786.00
3393.00
3393.00
3393.00
3393.00
3653.00
3645.00
3662.00
3712.00
3759.00
3784.00
3804.00
3837.00
3844.00
3843.00
3862.00
3846.00
3718.00
3775.00
3792.00
3793.00
3790.00
3791.00
3808.00
3998.00
4187.00
4394.00
4613.00
4841.00
4964.00
5128.00
5127.00
5068.00
5122.00
5204.00
5142.00
5073.00
5075.00
4898.00
4834.00
4829.00
4732.00
4732.00
4732.00
4732.00
4634.00
4492.00
4451.00
4405.00
4371.00
4354.00
4302.00
4274.00
4272.00
4262.00
4171.00
4214.00
4205.00
4178.00
4172.00
4170.00
4167.00
4174.00
4167.00
4164.00
4160.00
4154.00
4151.00
4136.00
4130.00
4116.00
4112.00
4113.00
4109.00
4044.00
4036.00
4026.00
4020.00
3995.00
3988.00
3980.00
3975.00
3966.00
3965.00
3963.00
3957.00
3951.00
3940.00
3935.00
3923.00
3904.00
3891.00
3868.00
3847.00
3769.00
3715.00
3707.00
3781.00
3950.00
3928.00
3920.00
3914.00
4058.00
4049.00
4039.00
4036.00
4027.00
4016.00
4009.00
3991.00
3980.00
3976.00
3950.00
3943.00
3926.00
3858.00
3853.00
3831.00
3820.00
3813.00
3814.00
3967.00
3987.00
4015.00
4121.00
4129.00
4123.00
4032.00
4025.00
4013.00
4004.00
4004.00
4004.00
4002.00
3993.00
3990.00
3981.00
3984.00
3982.00
3983.00
3989.00
3985.00
3984.00
3981.00
3977.00
3975.00
3972.00
3972.00
3965.00
3965.00
3961.00
3956.00
3950.00
3947.00
3944.00
3938.00
3937.00
3932.00
3930.00
3928.00
3925.00
3919.00
3914.00
3910.00
3908.00
3892.00
3888.00
3879.00
3875.00
3838.00
3828.00
3820.00
3806.00
3784.00
3784.00
3783.00
3778.00
3782.00
3783.00
3788.00
3791.00
3964.00
3966.00
3967.00
3960.00
3958.00
3948.00
3946.00
3942.00
3933.00
3884.00
3872.00
3853.00
3851.00
3849.00
3849.00
3847.00
3841.00
3821.00
3812.00
3902.00
3896.00
3895.00
3891.00
3869.00
3848.00
3848.00
3848.00
3863.00
3861.00
3859.00
3856.00
3854.00
3851.00
3836.00
3832.00
3829.00
3805.00
3775.00
3770.00
3740.00
3731.00
3732.00
3733.00
3733.00
3733.00
3733.00
3733.00
3733.00
3733.00
3733.00
3733.00
3792.00
3808.00
3990.00
3939.00
3903.00
3895.00
3873.00
3802.00
3790.00
3781.00
3772.00
3783.00
3786.00
3793.00
3804.00
3834.00
3913.00
3911.00
3835.00
3842.00
3895.00
3896.00
3901.00
3904.00
3906.00
3906.00
3903.00
3889.00
3891.00
3895.00
3889.00
3887.00
3886.00
3888.00
3888.00
3867.00
3867.00
3859.00
3858.00
3850.00
3846.00
3848.00
3844.00
3844.00
3844.00
3837.00
3837.00
3837.00
3220.00
3215.00
3210.00
3199.00
3194.00
3183.00
3179.00
3177.00
3174.00
3170.00
3163.00
3152.00
3143.00
3131.00
3001.00
3002.00
3007.00
3007.00
3006.00
3005.00
3004.00
3000.00
3000.00
2999.00
2998.00
2997.00
3000.00
3015.00
3054.00
3206.00
3326.00
3335.00
3322.00
3291.00
3326.00
3399.00
3434.00
3450.00
3606.00
3574.00
3581.00
3747.00
3744.00
3790.00
3805.00
3781.00
3702.00
3684.00
3723.00
3771.00
3775.00
3798.00
3831.00
3842.00
3981.00
3965.00
3882.00
3874.00
3811.00
3815.00
3839.00
3844.00
3852.00
4031.00
4141.00
4064.00
4082.00
4149.00
4123.00
4097.00
4080.00
4100.00
3933.00
3972.00
4004.00
4008.00
4004.00
4001.00
3981.00
3930.00
3957.00
3952.00
3954.00
3954.00
3933.00
3924.00
3915.00
3914.00
3867.00
3860.00
3885.00
3880.00
3883.00
3927.00
3922.00
3913.00
3907.00
3902.00
3900.00
3892.00
3884.00
3883.00
3872.00
3857.00
3847.00
3844.00
3838.00
3833.00
3853.00
3849.00
3852.00
3853.00
3851.00
3863.00
3833.00
3802.00
3803.00
3803.00
3785.00
3756.00
3759.00
3783.00
3784.00
3784.00
3785.00
3791.00
3749.00
3746.00
3745.00
3736.00
3739.00
3739.00
3742.00
3779.00
3788.00
3789.00
3790.00
3779.00
3781.00
3786.00
3788.00
3789.00
3794.00
3798.00
3801.00
3799.00
3798.00
3797.00
3795.00
3793.00
3800.00
3800.00
3799.00
3825.00
3827.00
3835.00
3836.00
3835.00
3838.00
3853.00
3853.00
3852.00
3850.00
3849.00
3895.00
3885.00
3883.00
3882.00
3869.00
3800.00
3796.00
3795.00
3794.00
3792.00
3753.00
3756.00
3757.00
3759.00
3758.00
3730.00
3730.00
3722.00
3696.00
3660.00
3660.00
3626.00
3635.00
3638.00
3616.00
3561.00
3562.00
3612.00
3671.00
3690.00
3706.00
3708.00
3706.00
3726.00
3718.00
3718.00
3718.00
3723.00
3724.00
3687.00
3804.00
3927.00
3920.00
3900.00
3806.00
3802.00
3820.00
3797.00
3770.00
3777.00
3792.00
3814.00
3813.00
3846.00
3832.00
3837.00
3828.00
3833.00
3837.00
3864.00
3880.00
4047.00
4235.00
4204.00
4192.00
4190.00
4186.00
4130.00
4123.00
4115.00
4099.00
4083.00
4077.00
4056.00
4037.00
4023.00
4008.00
3999.00
3999.00
3999.00
3484.00
3468.00
3422.00
3434.00
3431.00
3417.00
3398.00
3388.00
3378.00
3253.00
3264.00
3267.00
3311.00
3311.00
3341.00
3357.00
3350.00
3350.00
3349.00
3347.00
3345.00
3345.00
3338.00
3337.00
3333.00
3326.00
3323.00
3320.00
3316.00
3311.00
3350.00
3514.00
3468.00
3434.00
3379.00
3371.00
3334.00
3307.00
3241.00
3155.00
3152.00
3132.00
3128.00
3117.00
3089.00
3088.00
3083.00
3066.00
3062.00
3062.00
3064.00
3063.00
3065.00
3069.00
3073.00
3072.00
3072.00
3069.00
3023.00
3019.00
3016.00
2999.00
2933.00
2918.00
2892.00
2889.00
2783.00
2784.00
2785.00
2785.00
2784.00
2779.00
2779.00
2826.00
2967.00
3112.00
3240.00
3402.00
3402.00
3562.00
3732.00
3557.00
3410.00
3313.00
3332.00
3495.00
3669.00
3784.00
3622.00
3570.00
3563.00
3507.00
3525.00
3445.00
3404.00
3361.00
3321.00
3373.00
3393.00
3243.00
3085.00
3095.00
3095.00
3095.00
3238.00
3189.00
3329.00
3495.00
3488.00
3321.00
3467.00
3625.00
3458.00
3458.00
3458.00
3277.00
3192.00
3279.00
3268.00
3287.00
3383.00
3536.00
3433.00
3440.00
3374.00
3426.00
3411.00
3563.00
3719.00
3555.00
3572.00
3585.00
3686.00
3869.00
4034.00
4053.00
3975.00
4165.00
4345.00
4174.00
4277.00
4221.00
4418.00
4610.00
4736.00
4964.00
5208.00
5637.00
5637.00
5637.00
5373.00
5105.00
4930.00
4824.00
4583.00
4511.00
4294.00
4085.00
3884.00
4063.00
4193.00
4107.00
4311.00
4526.00
4745.00
4762.00
4545.00
4323.00
4305.00
4409.00
4275.00
4292.00
4108.00
4124.00
4124.00
4227.00
4183.00
4218.00
4167.00
4150.00
3975.00
3812.00
3875.00
3960.00
3900.00
3715.00
3559.00
3635.00
3565.00
3523.00
3571.00
3685.00
3666.00
3625.00
3789.00
3866.00
3745.00
3710.00
3648.00
3689.00
3809.00
3716.00
3712.00
3725.00
3781.00
3809.00
3793.00
3811.00
3974.00
4172.00
4350.00
4349.00
4555.00
4701.00
4590.00
4711.00
4663.00
4707.00
4690.00
4698.00
4660.00
4856.00
4923.00
4842.00
4829.00
4842.00
4628.00
4495.00
4436.00
4481.00
4469.00
4492.00
4532.00
4513.00
4532.00
4536.00
4593.00
4572.00
4475.00
4406.00
4346.00
4414.00
4365.00
4182.00
4167.00
4171.00
4312.00
4405.00
4510.00
4504.00
4373.00
4355.00
4335.00
4391.00
4493.00
4412.00
4440.00
4427.00
4458.00
4458.00
4458.00
3858.00
4155.00
4358.00
4517.00
4720.00
4790.00
4896.00
5135.00
5143.00
5033.00
5247.00
5431.00
5609.00
5877.00
5943.00
5918.00
6101.00
6394.00
6306.00
6251.00
6554.00
6646.00
6775.00
6793.00
6615.00
6532.00
6681.00
6997.00
7295.00
7649.00
7779.00
7404.00
7078.00
7423.00
7478.00
7383.00
7682.00
7819.00
7695.00
7764.00
7644.00
7451.00
7370.00
7252.00
7543.00
7543.00
8117.00
8033.00
7932.00
8311.00
8686.00
9116.00
9558.00
9983.00
9941.00
10438.00
10917.00
11451.00
11848.00
12598.00
12175.00
12045.00
12467.00
12133.00
12032.00
12153.00
12058.00
12024.00
11691.00
11468.00
11915.00
11991.00
12479.00
12040.00
11438.00
10947.00
11012.00
10494.00
9983.00
10129.00
10041.00
10022.00
9990.00
9850.00
9746.00
10178.00
10596.00
10249.00
10163.00
10115.00
10088.00
10164.00
9945.00
9928.00
10339.00
10850.00
11210.00
10749.00
10471.00
10608.00
10463.00
10372.00
10877.00
10877.00
11463.00
11390.00
11759.00
11326.00
11598.00
11339.00
10972.00
11059.00
11583.00
12144.00
12070.00
12035.00
11694.00
11491.00
11496.00
11243.00
10812.00
11010.00
11169.00
11424.00
11303.00
11108.00
11239.00
11335.00
11833.00
12005.00
11880.00
11766.00
11422.00
11979.00
11622.00
11297.00
11841.00
12175.00
11679.00
11176.00
11237.00
11052.00
11054.00
11560.00
11755.00
12252.00
12864.00
13481.00
13952.00
13866.00
13791.00
14253.00
14541.00
14003.00
13908.00
13541.00
13886.00
14067.00
13388.00
13698.00
13939.00
13776.00
14394.00
14385.00
14039.00
14082.00
14408.00
14367.00
14631.00
14631.00
14631.00
14631.00
14631.00
14631.00
14631.00
8396.00
9111.00
9566.00
9762.00
9485.00
9234.00
9334.00
9412.00
9347.00
9105.00
9075.00
9253.00
9715.00
10200.00
10710.00
11088.00
11370.00
10802.00
10832.00
10581.00
10399.00
10606.00
11136.00
11667.00
12189.00
12744.00
13344.00
13361.00
13361.00
13361.00
13361.00
13361.00
14572.00
14495.00
14947.00
14580.00
14265.00
14438.00
13783.00
13797.00
13982.00
13875.00
13641.00
14265.00
14708.00
14654.00
14478.00
14738.00
15120.00
15120.00
15120.00
15209.00
15731.00
16406.00
16055.00
16806.00
16709.00
16430.00
15920.00
15364.00
14658.00
14324.00
14978.00
14414.00
13732.00
14362.00
13714.00
14298.00
14634.00
14936.00
15234.00
15693.00
15086.00
15824.00
16514.00
16974.00
16813.00
16611.00
16951.00
16915.00
16278.00
15618.00
16374.00
17188.00
18035.00
18900.00
19571.00
18985.00
19845.00
20622.00
21327.00
22352.00
23435.00
24606.00
27005.00
27568.00
26893.00
25932.00
26695.00
25797.00
24775.00
23537.00
22758.00
21930.00
21762.00
22825.00
23867.00
22947.00
21849.00
20814.00
20917.00
20917.00
21780.00
22689.00
23823.00
24962.00
26000.00
24895.00
25738.00
27024.00
28370.00
29780.00
32060.00
32920.00
34560.00
34030.00
35400.00
36310.00
36280.00
36750.00
35000.00
36060.00
37860.00
39750.00
41660.00
43660.00
45490.00
44890.00
42890.00
42890.00
47900.00
45800.00
43740.00
41580.00
43520.00
42880.00
42480.00
40510.00
39190.00
40870.00
42910.00
44850.00
45940.00
43750.00
45040.00
43240.00
41240.00
39930.00
40340.00
42160.00
40140.00
38240.00
39360.00
38020.00
37030.00
38650.00
40540.00
38570.00
40390.00
39450.00
37720.00
39330.00
41290.00
41810.00
39760.00
38070.00
39440.00
38590.00
36670.00
36360.00
34870.00
35530.00
34150.00
33370.00
34890.00
36240.00
35100.00
33420.00
32300.00
31270.00
30400.00
30010.00
29140.00
27690.00
26340.00
26330.00
