CLOSE
29080.00
29080.00
29090.00
29089.00
29089.00
29090.00
29817.00
30562.00
30867.00
28100.00
29505.00
30980.00
31289.00
31601.00
31917.00
31917.00
31917.00
31923.00
31923.00
31923.00
61105.00
61716.00
62333.00
62948.00
62319.00
61696.00
61696.00
61710.00
61717.00
22000.00
23100.00
24255.00
25467.00
26740.00
28077.00
26675.00
26675.00
26675.00
26682.00
30000.00
30000.00
30000.00
30000.00
30000.00
30650.00
30650.00
30650.00
30600.00
30640.00
32100.00
35000.00
34006.00
35706.00
35755.00
35755.00
35755.00
35755.00
35755.00
35755.00
35755.00
35755.00
35755.00
35755.00
35755.00
35755.00
35755.00
38001.00
38094.00
38145.00
38198.00
38300.00
38300.00
38403.00
38547.00
38778.00
38884.00
39389.00
40466.00
41573.00
59209.00
59214.00
59215.00
59215.00
59215.00
60282.00
60297.00
61873.00
61958.00
61968.00
62590.00
63183.00
63183.00
63183.00
20500.00
20500.00
20542.00
20550.00
20739.00
20951.00
21998.00
22674.00
22758.00
22968.00
23776.00
23887.00
23912.00
23913.00
23913.00
23913.00
23825.00
23824.00
23823.00
23824.00
23824.00
23824.00
23824.00
23824.00
23824.00
23824.00
23824.00
23824.00
23824.00
23829.00
23828.00
23827.00
23826.00
23825.00
23824.00
23823.00
23816.00
23816.00
23816.00
23816.00
23816.00
23816.00
23816.00
23816.00
23815.00
23815.00
23815.00
23815.00
23815.00
24949.00
24949.00
24950.00
24949.00
24887.00
24864.00
24863.00
24837.00
24648.00
24970.00
24971.00
25040.00
25040.00
25039.00
25039.00
26283.00
26730.00
26730.00
26729.00
26728.00
26728.00
26728.00
26728.00
26727.00
24000.00
8950.00
8946.00
8946.00
8946.00
8946.00
8792.00
8761.00
8760.00
8760.00
8760.00
8760.00
8760.00
8757.00
8849.00
8849.00
8849.00
8849.00
8834.00
8658.00
8658.00
8657.00
8657.00
8630.00
8627.00
8797.00
8972.00
9151.00
9334.00
9446.00
9446.00
9402.00
9402.00
9342.00
9291.00
8817.00
8817.00
7893.00
7855.00
7766.00
7765.00
7731.00
7730.00
7730.00
7732.00
7732.00
7734.00
9969.00
10023.00
10036.00
10059.00
10060.00
10046.00
10045.00
10044.00
8599.00
8477.00
8501.00
8755.00
9017.00
9053.00
9201.00
9250.00
9473.00
9473.00
9473.00
9473.00
9473.00
9473.00
9473.00
9473.00
9473.00
9473.00
9473.00
9473.00
9473.00
9473.00
9473.00
9473.00
9473.00
9473.00
9473.00
9473.00
9473.00
9473.00
9473.00
9473.00
9473.00
9473.00
9473.00
9473.00
9473.00
9473.00
9473.00
9473.00
9473.00
9473.00
9473.00
9473.00
9473.00
9473.00
9473.00
9465.00
9465.00
9465.00
9465.00
9465.00
9465.00
9465.00
9465.00
9465.00
9465.00
9465.00
9465.00
9465.00
9465.00
9465.00
9465.00
9465.00
9465.00
9465.00
9465.00
9465.00
9465.00
9465.00
9465.00
9465.00
9465.00
9465.00
9465.00
9465.00
9465.00
9465.00
9465.00
9465.00
9465.00
9465.00
9465.00
9465.00
9465.00
9465.00
9465.00
9465.00
9181.00
9181.00
9181.00
9181.00
9181.00
9181.00
9181.00
9181.00
9181.00
9181.00
9181.00
9181.00
9181.00
9181.00
9181.00
9181.00
9181.00
9181.00
9181.00
9181.00
9181.00
9181.00
9181.00
9181.00
9181.00
9181.00
9181.00
9181.00
9181.00
9181.00
9181.00
9181.00
9181.00
9181.00
9181.00
9181.00
9181.00
9181.00
9181.00
9181.00
9181.00
9181.00
9181.00
9181.00
9181.00
8581.00
9260.00
9260.00
9260.00
9260.00
9260.00
9260.00
9260.00
9260.00
9260.00
9260.00
9260.00
9260.00
9260.00
9260.00
9260.00
9260.00
9260.00
9260.00
9260.00
9260.00
9260.00
9260.00
9260.00
9260.00
9260.00
9260.00
9260.00
9260.00
9260.00
9260.00
9260.00
9260.00
9260.00
9260.00
9260.00
9260.00
9260.00
9260.00
9260.00
9260.00
9260.00
9260.00
9260.00
9260.00
9260.00
9260.00
9260.00
9260.00
9260.00
9247.00
9247.00
9236.00
9236.00
9236.00
9236.00
9236.00
9236.00
9236.00
9236.00
9236.00
9236.00
9236.00
9236.00
9236.00
9236.00
9236.00
9236.00
9236.00
9236.00
9236.00
9236.00
9236.00
9236.00
9236.00
9236.00
9236.00
9236.00
9236.00
9236.00
9236.00
9236.00
9236.00
9236.00
9236.00
9236.00
9236.00
9236.00
9236.00
9236.00
9236.00
9236.00
9236.00
9236.00
9236.00
9236.00
9236.00
9236.00
9236.00
9236.00
9236.00
9236.00
9236.00
9236.00
9236.00
9236.00
9236.00
9236.00
9236.00
9236.00
9236.00
9236.00
9236.00
9236.00
9236.00
7606.00
7606.00
7606.00
7606.00
7606.00
7606.00
7606.00
7606.00
7606.00
7606.00
7606.00
7606.00
7606.00
7606.00
7606.00
7606.00
7606.00
7603.00
7603.00
7603.00
7603.00
7603.00
7603.00
7603.00
7603.00
7603.00
7603.00
7603.00
7603.00
7603.00
7603.00
7599.00
7599.00
7599.00
7599.00
7599.00
7599.00
7599.00
7599.00
7599.00
7599.00
7599.00
7599.00
7599.00
7599.00
7599.00
7599.00
7599.00
7599.00
7599.00
7599.00
7599.00
7599.00
7599.00
7599.00
7599.00
7599.00
7599.00
7599.00
7599.00
7599.00
7599.00
7599.00
6343.00
6343.00
6338.00
6338.00
6330.00
6330.00
6314.00
6314.00
6314.00
6314.00
6314.00
6314.00
6314.00
6314.00
6314.00
6314.00
6258.00
6258.00
6258.00
6258.00
6258.00
6258.00
6258.00
6258.00
6258.00
6258.00
6258.00
6258.00
6258.00
6258.00
6258.00
6258.00
6258.00
6258.00
6258.00
6258.00
6258.00
6258.00
6258.00
6258.00
6258.00
6258.00
6258.00
6258.00
6258.00
5999.00
5996.00
5996.00
5996.00
5996.00
5996.00
5200.00
5200.00
5200.00
5200.00
5200.00
5200.00
5200.00
5200.00
5200.00
5200.00
5198.00
5198.00
5198.00
5198.00
5198.00
5198.00
5196.00
5196.00
5196.00
5196.00
5196.00
5196.00
5196.00
5196.00
5196.00
5196.00
5196.00
5196.00
5196.00
5193.00
5193.00
5193.00
5193.00
5193.00
5193.00
5193.00
5193.00
5193.00
5193.00
5193.00
5193.00
5193.00
5217.00
5217.00
5217.00
5218.00
5218.00
5218.00
5218.00
5218.00
5218.00
5218.00
5218.00
5218.00
5218.00
5218.00
5217.00
5213.00
5213.00
5213.00
5213.00
5213.00
5213.00
5210.00
5210.00
5209.00
5209.00
5209.00
5204.00
5204.00
5204.00
5204.00
5204.00
5204.00
5204.00
5204.00
5204.00
5204.00
5204.00
5204.00
5204.00
5204.00
5204.00
5204.00
5204.00
5204.00
5204.00
5204.00
5204.00
5204.00
5204.00
5204.00
5204.00
5204.00
5204.00
5204.00
5204.00
5204.00
5204.00
5204.00
5204.00
5204.00
5204.00
5204.00
5204.00
5204.00
5204.00
5204.00
5204.00
5204.00
5204.00
5204.00
5204.00
5204.00
5204.00
5204.00
5204.00
5204.00
5204.00
5204.00
5204.00
5204.00
5204.00
5204.00
5204.00
5204.00
5204.00
5204.00
5204.00
5204.00
5204.00
5204.00
5204.00
5204.00
5204.00
5204.00
5204.00
5204.00
5204.00
5204.00
5204.00
5204.00
5204.00
5204.00
5164.00
5164.00
5164.00
5164.00
5164.00
5164.00
5164.00
5164.00
5164.00
5164.00
5164.00
5164.00
5164.00
5164.00
5164.00
5164.00
5164.00
5164.00
5164.00
5162.00
5162.00
5162.00
5162.00
5162.00
5155.00
5154.00
5141.00
5139.00
5139.00
5130.00
5130.00
5128.00
5128.00
5128.00
5128.00
5128.00
5128.00
5128.00
5128.00
5128.00
5128.00
5123.00
5123.00
5121.00
5158.00
5140.00
5136.00
5136.00
5136.00
5136.00
5136.00
5000.00
5000.00
5000.00
5000.00
5000.00
5000.00
5000.00
5000.00
5000.00
4992.00
4992.00
4982.00
4981.00
4964.00
4927.00
5124.00
5183.00
5188.00
5185.00
5187.00
5187.00
5187.00
5187.00
5187.00
5187.00
5187.00
5187.00
5197.00
5197.00
5197.00
5197.00
5197.00
5197.00
5197.00
5410.00
5410.00
5410.00
5386.00
5334.00
5308.00
5308.00
5308.00
5323.00
5331.00
5331.00
5331.00
5331.00
4331.00
4331.00
4331.00
4333.00
4333.00
4333.00
4333.00
4333.00
4333.00
4333.00
4340.00
4356.00
4358.00
4398.00
4405.00
4405.00
4405.00
4405.00
4405.00
4405.00
4406.00
4406.00
4406.00
4427.00
4427.00
4427.00
4427.00
4428.00
4428.00
4428.00
4429.00
4429.00
4429.00
4429.00
4532.00
4532.00
4532.00
4532.00
4606.00
4625.00
4643.00
4663.00
4663.00
4663.00
4663.00
4663.00
4663.00
4663.00
4663.00
4671.00
4672.00
4672.00
4672.00
4672.00
4672.00
4672.00
4672.00
4667.00
4665.00
4696.00
4698.00
4697.00
4696.00
4696.00
4696.00
4696.00
4695.00
4695.00
4695.00
4695.00
4697.00
4697.00
4700.00
4700.00
4700.00
4700.00
4700.00
4700.00
4700.00
4700.00
4700.00
4703.00
4703.00
4703.00
4703.00
4703.00
4703.00
4703.00
4704.00
4704.00
4704.00
4892.00
4892.00
4892.00
4893.00
4893.00
4893.00
5426.00
5436.00
5438.00
6101.00
6083.00
6079.00
6059.00
6054.00
6051.00
6051.00
6044.00
6044.00
6044.00
6044.00
6036.00
6036.00
6036.00
6033.00
6033.00
6033.00
6033.00
6033.00
6033.00
6033.00
6033.00
6033.00
6033.00
6033.00
6033.00
6033.00
6033.00
6033.00
6033.00
6033.00
6033.00
6033.00
6033.00
6033.00
6033.00
6028.00
6028.00
6021.00
6006.00
5957.00
6160.00
6157.00
5984.00
5766.00
5769.00
5708.00
5638.00
5638.00
5649.00
5649.00
5874.00
5874.00
5874.00
5874.00
5877.00
5874.00
5881.00
5881.00
6000.00
6161.00
6407.00
6661.00
6592.00
6449.00
6192.00
6242.00
6218.00
6382.00
6301.00
6293.00
6184.00
6184.00
6171.00
6171.00
6137.00
6127.00
6096.00
6084.00
6075.00
6029.00
6029.00
6029.00
6020.00
6020.00
6020.00
6020.00
6019.00
6019.00
6019.00
6019.00
6019.00
6018.00
6018.00
6018.00
6018.00
6010.00
6010.00
6010.00
6007.00
6007.00
6007.00
6007.00
6007.00
6007.00
6007.00
6006.00
6016.00
6016.00
6016.00
6017.00
6028.00
6028.00
6029.00
6062.00
6209.00
6274.00
6285.00
6286.00
6286.00
6286.00
6286.00
6501.00
6509.00
6568.00
6830.00
6824.00
6824.00
6812.00
6805.00
6806.00
6810.00
6811.00
6810.00
6810.00
6810.00
5801.00
5801.00
5801.00
5815.00
5806.00
5808.00
5808.00
5808.00
6016.00
6016.00
6071.00
6206.00
6403.00
6659.00
6655.00
6651.00
6651.00
6651.00
6651.00
6649.00
6625.00
6625.00
6625.00
6625.00
6624.00
6624.00
6624.00
6624.00
6624.00
6601.00
6601.00
6584.00
6584.00
6353.00
6495.00
6495.00
6494.00
6494.00
6494.00
6494.00
6494.00
6494.00
6494.00
6494.00
6494.00
6490.00
6490.00
6490.00
6490.00
6330.00
6325.00
6322.00
6321.00
6321.00
6314.00
6314.00
6314.00
6314.00
6308.00
6308.00
6056.00
6056.00
6056.00
6056.00
6056.00
6088.00
6088.00
6088.00
6090.00
6090.00
6090.00
6090.00
6091.00
6091.00
6091.00
6097.00
6097.00
6097.00
6097.00
6838.00
6913.00
7113.00
7121.00
7121.00
7124.00
7124.00
7124.00
7124.00
7124.00
7124.00
7124.00
7124.00
7124.00
7124.00
7124.00
7124.00
7124.00
7124.00
7124.00
7124.00
7124.00
7124.00
7124.00
8640.00
8654.00
8746.00
8723.00
8721.00
8721.00
8716.00
8704.00
8704.00
8704.00
8702.00
8702.00
8702.00
8702.00
8702.00
8702.00
8702.00
8699.00
8698.00
8635.00
8628.00
8628.00
8614.00
8614.00
8614.00
8617.00
8617.00
8617.00
8617.00
8630.00
8630.00
8630.00
8630.00
8630.00
8596.00
8593.00
8592.00
8592.00
8592.00
8592.00
8581.00
8581.00
8581.00
8581.00
8577.00
8577.00
8583.00
8583.00
8583.00
8570.00
8570.00
8572.00
8574.00
8585.00
8585.00
8581.00
8581.00
8581.00
8581.00
8562.00
8562.00
8562.00
8562.00
8562.00
8617.00
8630.00
8630.00
8630.00
8630.00
8630.00
8631.00
8631.00
8631.00
8631.00
8631.00
8630.00
8630.00
8630.00
8630.00
8631.00
8631.00
8631.00
8631.00
8678.00
8680.00
8699.00
8700.00
8700.00
8700.00
8700.00
8700.00
8702.00
8702.00
8702.00
8704.00
8707.00
8710.00
8710.00
8710.00
8714.00
8714.00
8714.00
8714.00
8747.00
8747.00
8747.00
8747.00
8747.00
8747.00
8747.00
8747.00
8747.00
8772.00
8772.00
8782.00
8782.00
8782.00
8782.00
8782.00
8790.00
9141.00
9506.00
9886.00
10281.00
10692.00
11119.00
11322.00
11332.00
11356.00
11809.00
11985.00
12020.00
12020.00
12020.00
12020.00
12029.00
12031.00
12031.00
12035.00
12035.00
12035.00
12035.00
10035.00
10035.00
10035.00
14772.00
15310.00
15508.00
15914.00
16029.00
15845.00
15748.00
15504.00
15582.00
15581.00
15509.00
15513.00
15507.00
15507.00
15296.00
15293.00
15585.00
15738.00
15824.00
15824.00
15850.00
15851.00
15851.00
15863.00
15889.00
15889.00
16069.00
16084.00
16084.00
16123.00
16417.00
16426.00
16491.00
16517.00
16517.00
16518.00
17178.00
17178.00
17178.00
17178.00
17178.00
17178.00
17362.00
17387.00
17473.00
17476.00
17855.00
17973.00
18006.00
18028.00
18058.00
18060.00
18071.00
18609.00
19018.00
19040.00
18958.00
19227.00
19511.00
19509.00
19425.00
19390.00
19246.00
19197.00
19133.00
19103.00
18602.00
18602.00
18597.00
18596.00
18657.00
18691.00
18692.00
18689.00
18852.00
18866.00
18121.00
18144.00
18140.00
18137.00
18329.00
18352.00
18361.00
18648.00
18688.00
18824.00
18863.00
18962.00
19013.00
19058.00
19150.00
19443.00
19756.00
20195.00
20203.00
20274.00
20501.00
20501.00
20509.00
20502.00
20523.00
20466.00
20455.00
19637.00
19608.00
19591.00
19585.00
19573.00
19569.00
19747.00
19746.00
19736.00
19604.00
19497.00
19486.00
19392.00
19377.00
19355.00
19355.00
19355.00
19357.00
19358.00
19381.00
19382.00
19382.00
19375.00
19517.00
19554.00
19578.00
19585.00
19747.00
19749.00
19770.00
20157.00
20525.00
20544.00
20731.00
20771.00
21601.00
22040.00
22062.00
22230.00
22298.00
22332.00
22332.00
22338.00
22324.00
22323.00
22320.00
22292.00
22477.00
22477.00
22452.00
22301.00
22301.00
22285.00
22285.00
22271.00
22270.00
22247.00
22247.00
22202.00
22179.00
22177.00
22176.00
22142.00
22078.00
22049.00
22001.00
22001.00
21997.00
21997.00
21997.00
21997.00
21997.00
21997.00
21997.00
21996.00
21238.00
21199.00
21157.00
21157.00
21164.00
21164.00
21164.00
21164.00
21164.00
21164.00
21160.00
21160.00
21160.00
21155.00
21155.00
21155.00
21155.00
21183.00
21202.00
21199.00
21201.00
21210.00
21419.00
21470.00
21470.00
21468.00
21468.00
21871.00
21882.00
21827.00
21827.00
22256.00
22256.00
22256.00
22256.00
22255.00
22255.00
22255.00
22255.00
22203.00
22214.00
22131.00
22126.00
22459.00
22459.00
22716.00
22682.00
22670.00
22603.00
22537.00
22472.00
22472.00
22472.00
22472.00
22472.00
22472.00
22449.00
22448.00
22447.00
22419.00
22203.00
22415.00
22419.00
22422.00
22427.00
22427.00
22427.00
22427.00
19727.00
19727.00
19727.00
19727.00
19739.00
19736.00
19736.00
19736.00
19736.00
19758.00
19758.00
20376.00
20493.00
20493.00
20489.00
20489.00
20489.00
20489.00
20489.00
20489.00
20489.00
20500.00
20500.00
20500.00
20313.00
20313.00
20313.00
20313.00
20313.00
20313.00
20313.00
20313.00
20313.00
20313.00
20295.00
20294.00
20294.00
20294.00
20294.00
20257.00
20257.00
20257.00
20255.00
20255.00
20255.00
20255.00
20255.00
20255.00
20255.00
20255.00
20254.00
20254.00
20254.00
20254.00
20254.00
20254.00
20254.00
20254.00
20254.00
20254.00
20254.00
20254.00
20254.00
20180.00
20162.00
20144.00
20136.00
20130.00
20124.00
20124.00
20124.00
20124.00
20124.00
20124.00
20124.00
20124.00
20124.00
20124.00
20124.00
20124.00
20124.00
20122.00
20122.00
20122.00
20122.00
20122.00
19991.00
19991.00
19991.00
19991.00
19991.00
19988.00
19988.00
19988.00
19981.00
19970.00
19792.00
19792.00
19792.00
19792.00
19792.00
19792.00
19788.00
19788.00
19006.00
18462.00
18439.00
18387.00
18387.00
18381.00
18360.00
18313.00
18240.00
18059.00
18000.00
17285.00
17264.00
17206.00
17144.00
17124.00
17116.00
17111.00
17067.00
17066.00
17048.00
17037.00
17037.00
17037.00
17036.00
16907.00
16907.00
16937.00
16964.00
16976.00
16976.00
16976.00
16976.00
16976.00
16976.00
16976.00
16976.00
16976.00
16976.00
16974.00
16974.00
16974.00
16973.00
16973.00
16971.00
16971.00
16971.00
16971.00
16971.00
16971.00
16971.00
16971.00
16970.00
16970.00
16970.00
16970.00
16970.00
16970.00
16970.00
16970.00
16970.00
16970.00
16970.00
16970.00
16970.00
16970.00
16970.00
16970.00
16970.00
16970.00
16970.00
16970.00
16970.00
16970.00
16969.00
16969.00
16969.00
16969.00
16967.00
16967.00
16967.00
16967.00
16967.00
16967.00
16967.00
16967.00
16967.00
16967.00
16967.00
16967.00
16289.00
16299.00
16299.00
16299.00
16294.00
16294.00
16294.00
16294.00
16774.00
16762.00
16737.00
16728.00
16728.00
16725.00
16723.00
16723.00
16723.00
16723.00
16723.00
16720.00
16719.00
16719.00
16719.00
16719.00
16719.00
16719.00
16719.00
16719.00
16719.00
16719.00
16719.00
16719.00
16719.00
16731.00
16771.00
16771.00
16771.00
16768.00
16768.00
16768.00
16768.00
14418.00
14418.00
14418.00
14418.00
14418.00
14418.00
14418.00
14418.00
14418.00
14417.00
14417.00
14417.00
14417.00
14417.00
14417.00
14416.00
14416.00
14416.00
14416.00
14416.00
14416.00
14416.00
14416.00
14416.00
14416.00
14416.00
14416.00
14416.00
14416.00
14416.00
14416.00
14416.00
14416.00
14416.00
14416.00
14416.00
14416.00
14416.00
14416.00
14416.00
14416.00
14416.00
14416.00
14416.00
14416.00
14416.00
14416.00
14416.00
14416.00
14416.00
14416.00
14416.00
14416.00
14416.00
14416.00
14416.00
14416.00
14416.00
14416.00
14416.00
14416.00
14416.00
14416.00
14416.00
14416.00
14416.00
14416.00
14416.00
14416.00
14416.00
14416.00
14416.00
14416.00
14416.00
14416.00
14416.00
14416.00
14416.00
14416.00
14416.00
14416.00
14416.00
14416.00
14416.00
14416.00
14416.00
14416.00
14416.00
14411.00
14411.00
14411.00
14411.00
14411.00
14514.00
14514.00
14514.00
14514.00
14514.00
14514.00
14514.00
14514.00
14514.00
14514.00
14514.00
14514.00
14514.00
14514.00
14514.00
14514.00
14514.00
14514.00
14514.00
14514.00
14514.00
14514.00
14514.00
14514.00
14514.00
14514.00
14514.00
14514.00
14514.00
14514.00
14514.00
14514.00
14514.00
14514.00
14514.00
14514.00
14514.00
14514.00
14514.00
14514.00
14514.00
14514.00
14514.00
14514.00
14514.00
14514.00
14514.00
14514.00
14513.00
14513.00
14513.00
14513.00
14513.00
14513.00
14513.00
14513.00
14513.00
14513.00
14513.00
14513.00
14512.00
14511.00
14511.00
14511.00
14511.00
14511.00
14511.00
14511.00
14511.00
14511.00
14511.00
14511.00
14511.00
14511.00
14511.00
14511.00
14511.00
14511.00
14511.00
14511.00
14511.00
14511.00
14507.00
14506.00
14505.00
14487.00
14466.00
14466.00
14466.00
14466.00
14466.00
14440.00
14440.00
14440.00
14440.00
14440.00
14440.00
14440.00
14440.00
14440.00
14440.00
14440.00
14440.00
14440.00
14440.00
14440.00
14440.00
14440.00
14440.00
14435.00
14435.00
14435.00
14435.00
14435.00
14435.00
14435.00
14304.00
14304.00
14304.00
14274.00
14213.00
14131.00
14127.00
14109.00
14108.00
14108.00
14108.00
14108.00
14108.00
14108.00
14108.00
14108.00
14108.00
14108.00
14108.00
14108.00
14108.00
14108.00
14107.00
14107.00
13946.00
13946.00
13917.00
13915.00
13914.00
13914.00
13914.00
13914.00
13914.00
13913.00
13913.00
13913.00
12893.00
12893.00
12893.00
12893.00
12893.00
12893.00
12893.00
12893.00
12893.00
12893.00
12893.00
12892.00
12892.00
12892.00
12892.00
12892.00
12892.00
12892.00
12892.00
12892.00
12892.00
12887.00
12887.00
12852.00
12759.00
12759.00
12759.00
12759.00
12759.00
12759.00
12756.00
12756.00
12744.00
12744.00
12744.00
12744.00
12744.00
12744.00
12744.00
12744.00
12744.00
12744.00
12744.00
12743.00
12743.00
12743.00
12743.00
12743.00
12743.00
12743.00
12743.00
12743.00
12743.00
12743.00
12742.00
12742.00
12742.00
12742.00
12742.00
12742.00
12742.00
12742.00
12742.00
12742.00
12742.00
12742.00
12741.00
12690.00
12690.00
12688.00
12688.00
12688.00
12688.00
12688.00
12688.00
12688.00
12688.00
12682.00
12681.00
12681.00
12681.00
12681.00
12681.00
12678.00
12678.00
12678.00
12673.00
12673.00
12673.00
12673.00
12673.00
12673.00
12667.00
12667.00
12667.00
12667.00
12667.00
12667.00
12667.00
12667.00
12667.00
12667.00
12667.00
4555.00
4555.00
4555.00
4555.00
4555.00
4555.00
4555.00
4555.00
4555.00
4637.00
4637.00
4641.00
4641.00
4641.00
4641.00
4638.00
4634.00
4633.00
4603.00
4603.00
4584.00
4582.00
4581.00
4575.00
4575.00
4575.00
4575.00
4559.00
4555.00
4552.00
4550.00
4549.00
4548.00
4546.00
4546.00
4546.00
4546.00
4546.00
4546.00
4546.00
4546.00
4546.00
4546.00
4546.00
4546.00
4546.00
4546.00
4546.00
4546.00
4546.00
4534.00
4534.00
4534.00
4533.00
4533.00
4533.00
4532.00
4522.00
4522.00
4522.00
4526.00
4528.00
4624.00
4675.00
4675.00
4675.00
4680.00
4690.00
4737.00
4740.00
4742.00
4744.00
4744.00
4744.00
4744.00
4744.00
4744.00
4744.00
4746.00
4746.00
4773.00
4760.00
4760.00
4760.00
4761.00
4761.00
4761.00
4761.00
4761.00
4761.00
4761.00
4761.00
12667.00
12167.00
4594.00
4800.00
4799.00
4770.00
4767.00
4767.00
4767.00
4767.00
4761.00
4761.00
4761.00
4761.00
4761.00
4761.00
4761.00
4761.00
4759.00
4747.00
4746.00
4746.00
4737.00
4737.00
4737.00
4737.00
4737.00
4737.00
4737.00
4737.00
4736.00
4736.00
4736.00
4736.00
4736.00
4736.00
4736.00
4736.00
4736.00
4736.00
4736.00
4736.00
4736.00
4736.00
4736.00
4736.00
4736.00
4736.00
4736.00
4736.00
4736.00
4734.00
4734.00
4734.00
4734.00
4734.00
4734.00
4734.00
4734.00
4734.00
4734.00
4734.00
4734.00
4734.00
4734.00
4734.00
4734.00
4734.00
4734.00
4734.00
4734.00
4734.00
4734.00
4734.00
4734.00
4734.00
4734.00
4734.00
4734.00
4734.00
4734.00
4734.00
4734.00
4734.00
4734.00
4734.00
4734.00
4734.00
4734.00
4711.00
4710.00
4706.00
4705.00
4705.00
4705.00
4705.00
4705.00
4705.00
4705.00
4705.00
4705.00
4705.00
4705.00
4705.00
4335.00
4328.00
4320.00
4320.00
4316.00
4311.00
4303.00
4088.00
4075.00
4073.00
4048.00
4027.00
4021.00
4021.00
4020.00
4019.00
4019.00
4019.00
4018.00
4018.00
4016.00
4016.00
4016.00
4016.00
4007.00
3983.00
3983.00
3983.00
3983.00
3981.00
3981.00
3981.00
3981.00
3981.00
3981.00
3981.00
3981.00
3981.00
3981.00
3979.00
3974.00
3974.00
3974.00
3974.00
3974.00
3974.00
3974.00
3974.00
3974.00
3974.00
3974.00
3974.00
3974.00
3974.00
3974.00
3974.00
3974.00
3974.00
3974.00
3974.00
3974.00
3974.00
3974.00
3971.00
3958.00
3958.00
3958.00
3958.00
3958.00
3958.00
3958.00
3958.00
3958.00
3958.00
3950.00
3950.00
3950.00
3950.00
3950.00
3950.00
3944.00
3944.00
3944.00
3932.00
3932.00
3932.00
3902.00
3884.00
3884.00
3884.00
3876.00
3876.00
3876.00
3876.00
3876.00
3876.00
3876.00
3876.00
3876.00
3876.00
3876.00
3876.00
3875.00
3875.00
3875.00
3875.00
3875.00
3875.00
3875.00
3875.00
3875.00
3875.00
3875.00
3875.00
3875.00
3875.00
3875.00
3875.00
3875.00
3875.00
3875.00
3875.00
3846.00
3846.00
3846.00
3846.00
3846.00
3846.00
3654.00
3649.00
3647.00
3647.00
3647.00
3647.00
3647.00
3647.00
3647.00
3347.00
3347.00
3347.00
2565.00
2565.00
2565.00
2565.00
2565.00
2565.00
2563.00
2563.00
2563.00
2562.00
2562.00
2562.00
2562.00
2562.00
2562.00
2562.00
2562.00
2562.00
2562.00
2562.00
2562.00
2562.00
2562.00
2562.00
2562.00
2562.00
2562.00
2562.00
2562.00
2562.00
2562.00
2562.00
2562.00
2562.00
2562.00
2562.00
2562.00
2562.00
2562.00
2562.00
2562.00
2434.00
2434.00
2434.00
2434.00
2434.00
2434.00
2434.00
2434.00
2434.00
2434.00
2434.00
2434.00
2434.00
2434.00
2434.00
2434.00
2434.00
2434.00
2434.00
2334.00
2330.00
2330.00
2329.00
2327.00
2327.00
2326.00
2326.00
2326.00
2326.00
2326.00
2326.00
2326.00
2326.00
2326.00
2326.00
2326.00
2326.00
2326.00
2325.00
2325.00
2325.00
2325.00
2325.00
2325.00
2325.00
2320.00
2320.00
2320.00
2320.00
2320.00
2320.00
2320.00
2232.00
2279.00
2277.00
2277.00
2277.00
2253.00
2225.00
2210.00
2191.00
2189.00
2187.00
2187.00
2148.00
2148.00
2143.00
2144.00
2193.00
2205.00
2254.00
2266.00
2267.00
2297.00
2411.00
2419.00
2395.00
2389.00
2416.00
2480.00
2544.00
2501.00
2593.00
2608.00
2518.00
2527.00
2555.00
2584.00
2664.00
2690.00
2689.00
2664.00
2797.00
2936.00
3071.00
2974.00
3100.00
3162.00
3075.00
2984.00
2844.00
2728.00
2700.00
2700.00
2599.00
2542.00
2415.00
2426.00
2400.00
2288.00
2180.00
2073.00
1978.00
1999.00
2092.00
2131.00
2084.00
2031.00
1981.00
1991.00
1989.00
1950.00
1959.00
2043.00
2043.00
2005.00
1911.00
1908.00
1877.00
1861.00
1949.00
1976.00
1984.00
1954.00
1893.00
1822.00
1859.00
1813.00
1784.00
1790.00
1781.00
1735.00
1726.00
1668.00
1679.00
1672.00
1658.00
1619.00
1573.00
1506.00
1504.00
1493.00
1522.00
1528.00
1557.00
1628.00
1678.00
1680.00
1613.00
1594.00
1548.00
1536.00
1558.00
1622.00
1607.00
1565.00
1556.00
1579.00
1632.00
1651.00
1681.00
1667.00
1738.00
1824.00
1902.00
1867.00
1895.00
1891.00
1981.00
1999.00
1900.00
1836.00
1756.00
1712.00
1771.00
1844.00
1931.00
1879.00
1790.00
1803.00
1795.00
1786.00
1716.00
1722.00
1709.00
1728.00
1745.00
1718.00
1700.00
1698.00
1682.00
1688.00
1684.00
1680.00
1727.00
1807.00
1868.00
1868.00
1868.00
1748.00
1818.00
1903.00
1998.00
2088.00
2188.00
2209.00
2311.00
2425.00
2461.00
2541.00
2668.00
2800.00
2800.00
2800.00
2793.00
2670.00
2699.00
2600.00
2634.00
2716.00
2744.00
2714.00
2728.00
2660.00
2712.00
2807.00
2916.00
2806.00
2667.00
2605.00
2624.00
2516.00
2520.00
2573.00
2516.00
2508.00
2558.00
2541.00
2606.00
2659.00
2727.00
2789.00
2825.00
2730.00
2708.00
2746.00
2710.00
2845.00
2987.00
3136.00
3285.00
3448.00
3325.00
3219.00
3219.00
3219.00
3219.00
2627.00
2530.00
2656.00
2663.00
2792.00
2910.00
2768.00
2679.00
2624.00
2530.00
2571.00
2590.00
2552.00
2581.00
2581.00
2603.00
2693.00
2575.00
2565.00
2483.00
2507.00
2485.00
2386.00
2354.00
2307.00
2343.00
2460.00
2569.00
2587.00
2529.00
2494.00
2503.00
2451.00
2470.00
2512.00
2614.00
2608.00
2566.00
2669.00
2744.00
2771.00
2907.00
3052.00
3164.00
3311.00
3361.00
3282.00
3370.00
3370.00
3229.00
3278.00
3438.00
3429.00
3573.00
3672.00
3808.00
3728.00
3722.00
3585.00
3411.00
3411.00
3568.00
3743.00
3880.00
4057.00
4259.00
4436.00
4433.00
4242.00
4061.00
4182.00
4043.00
4057.00
3915.00
3883.00
4076.00
4228.00
4045.00
3893.00
3705.00
3520.00
3344.00
3421.00
3267.00
3138.00
3283.00
3445.00
3487.00
3619.00
3675.00
3656.00
3632.00
3732.00
3909.00
3927.00
3828.00
3725.00
3539.00
3419.00
3553.00
3702.00
3749.00
3876.00
4067.00
4022.00
4011.00
4175.00
4298.00
4172.00
4184.00
4320.00
4529.00
4693.00
4813.00
4817.00
4917.00
5119.00
5269.00
5339.00
5336.00
5201.00
5261.00
5368.00
5230.00
5058.00
4999.00
5225.00
5460.00
5727.00
5931.00
6204.00
6057.00
5773.00
5551.00
5529.00
5639.00
5918.00
6111.00
6280.00
6353.00
6366.00
6149.00
6256.00
6536.00
6722.00
6983.00
6973.00
6853.00
6803.00
6696.00
6780.00
6713.00
6447.00
6547.00
6488.00
6427.00
6273.00
6522.00
6732.00
6648.00
6664.00
6754.00
7083.00
7347.00
7693.00
7954.00
8316.00
7953.00
7621.00
7946.00
8242.00
8269.00
8341.00
8087.00
8038.00
7996.00
7711.00
7632.00
7569.00
7288.00
7212.00
6938.00
6815.00
6937.00
7233.00
7515.00
7486.00
7858.00
8250.00
8548.00
8870.00
9313.00
9758.00
10238.00
10749.00
10860.00
10860.00
11403.00
11884.00
12380.00
12380.00
12380.00
12380.00
12150.00
14062.00
13359.00
13349.00
14016.00
14681.00
14251.00
13675.00
13359.00
14024.00
14475.00
14110.00
13443.00
12787.00
12439.00
12082.00
12671.00
13298.00
13940.00
13555.00
13380.00
12926.00
13341.00
12882.00
12433.00
13004.00
13446.00
13900.00
14594.00
14988.00
15339.00
15660.00
16270.00
17080.00
17570.00
18330.00
17550.00
18290.00
18200.00
17400.00
17340.00
16550.00
16350.00
17160.00
18010.00
17790.00
17060.00
16640.00
15880.00
15990.00
16050.00
16850.00
17440.00
17150.00
17530.00
18400.00
18870.00
18440.00
17720.00
16870.00
16540.00
15810.00
15130.00
15610.00
15050.00
15800.00
15880.00
15230.00
15550.00
16290.00
15720.00
15270.00
14960.00
14340.00
13930.00
13460.00
13080.00
13130.00
12620.00
12250.00
12090.00
12060.00
11680.00
12120.00
11700.00
11670.00
11650.00
11540.00
11490.00
11480.00
11470.00
11440.00
11000.00
10990.00
10490.00
10740.00
10360.00
10170.00
10150.00
10140.00
10130.00
9630.00
9150.00
9140.00
9140.00
9130.00
8680.00
