CLOSE
1150.00
1150.00
1150.00
1150.00
1150.00
1150.00
1156.00
1174.00
1169.00
1167.00
1166.00
1161.00
1166.00
1165.00
1163.00
1162.00
1160.00
1160.00
1169.00
1167.00
1170.00
1171.00
1196.00
1199.00
1197.00
1170.00
1172.00
1172.00
1170.00
1179.00
1186.00
1169.00
1170.00
1170.00
1170.00
1169.00
1176.00
1168.00
1169.00
1155.00
1142.00
1153.00
1151.00
1157.00
1157.00
1157.00
1157.00
1157.00
1157.00
1157.00
1157.00
1157.00
1157.00
1157.00
1157.00
1157.00
1157.00
1157.00
1157.00
1157.00
1157.00
1157.00
1157.00
1157.00
1157.00
1157.00
1157.00
1157.00
1157.00
1157.00
1157.00
1157.00
1157.00
1157.00
1157.00
1157.00
1157.00
1157.00
1157.00
1157.00
1157.00
1157.00
1157.00
1157.00
1157.00
1157.00
1157.00
1157.00
1157.00
1157.00
1157.00
1157.00
1157.00
1157.00
1157.00
1157.00
1157.00
1157.00
1157.00
1157.00
1157.00
1157.00
1157.00
1157.00
1157.00
1157.00
1157.00
1157.00
1157.00
1157.00
1157.00
1157.00
1157.00
1157.00
1157.00
1157.00
1157.00
1157.00
1157.00
1157.00
1157.00
1157.00
1157.00
1157.00
1157.00
1157.00
1157.00
1157.00
1157.00
1157.00
1157.00
1157.00
1157.00
1157.00
1157.00
1157.00
1157.00
1157.00
1157.00
1157.00
1157.00
1157.00
1157.00
1157.00
1157.00
1157.00
1157.00
1157.00
1157.00
1157.00
1157.00
1157.00
1157.00
1157.00
1157.00
1157.00
1157.00
1157.00
1157.00
1157.00
1157.00
1157.00
1157.00
1157.00
1157.00
1157.00
1157.00
1157.00
1157.00
1157.00
1157.00
1157.00
1157.00
1157.00
1157.00
1157.00
1157.00
1157.00
1157.00
1157.00
1157.00
1157.00
1157.00
1157.00
1157.00
1157.00
1157.00
1157.00
1157.00
1157.00
1157.00
1157.00
1157.00
1157.00
1157.00
1157.00
1157.00
1157.00
1157.00
1157.00
1157.00
1157.00
1157.00
1157.00
1157.00
1157.00
1157.00
1157.00
1157.00
1157.00
1157.00
1157.00
1157.00
1157.00
1157.00
1157.00
1157.00
1157.00
1157.00
1157.00
1157.00
1157.00
1157.00
1157.00
1157.00
1157.00
1157.00
1157.00
1157.00
1157.00
1157.00
1157.00
1157.00
1157.00
1157.00
1157.00
1157.00
1157.00
1157.00
1157.00
1157.00
1157.00
1157.00
1157.00
1157.00
1157.00
1157.00
1157.00
1157.00
1157.00
1157.00
1157.00
1157.00
1157.00
1157.00
1157.00
1157.00
1157.00
1157.00
1157.00
1157.00
1157.00
1157.00
1157.00
1157.00
1157.00
1157.00
1157.00
1157.00
1157.00
1157.00
1157.00
1157.00
1157.00
1157.00
1157.00
1157.00
1157.00
1157.00
1157.00
1157.00
1157.00
1157.00
1157.00
1157.00
1157.00
1157.00
1157.00
1157.00
1157.00
1157.00
1157.00
1157.00
1157.00
1157.00
1157.00
1157.00
1157.00
1157.00
1157.00
1157.00
1157.00
1157.00
1157.00
1157.00
1157.00
1157.00
1157.00
1157.00
1157.00
1157.00
1157.00
1157.00
1157.00
1157.00
1157.00
1157.00
1157.00
1157.00
1157.00
1157.00
1157.00
1157.00
1157.00
1157.00
1157.00
1157.00
1036.00
1324.00
1456.00
1601.00
1525.00
1474.00
1471.00
1569.00
1690.00
1859.00
2030.00
1985.00
1818.00
1683.00
1749.00
1628.00
1473.00
1582.00
1454.00
1314.00
1251.00
1374.00
1502.00
1534.00
1610.00
1533.00
1400.00
1314.00
1299.00
1295.00
1311.00
1391.00
1422.00
1354.00
1269.00
1345.00
1368.00
1316.00
1244.00
1261.00
1245.00
1203.00
1202.00
1176.00
1203.00
1219.00
1252.00
1205.00
1188.00
1174.00
1139.00
1099.00
1131.00
1144.00
1104.00
1121.00
1110.00
1142.00
1154.00
1154.00
1122.00
1113.00
1096.00
1088.00
1099.00
1076.00
1125.00
1184.00
1214.00
1259.00
1263.00
1257.00
1285.00
1290.00
1303.00
1319.00
1242.00
1303.00
1260.00
1240.00
1232.00
1248.00
1224.00
1233.00
1216.00
1226.00
1213.00
1184.00
1140.00
1186.00
1276.00
1267.00
1296.00
1382.00
1430.00
1432.00
1338.00
1367.00
1412.00
1397.00
1338.00
1324.00
1301.00
1307.00
1297.00
1303.00
1332.00
1333.00
1315.00
1312.00
1244.00
1266.00
1257.00
1271.00
1258.00
1256.00
1259.00
1261.00
1264.00
1253.00
1272.00
1278.00
1285.00
1309.00
1344.00
1344.00
1344.00
1344.00
1344.00
1344.00
1356.00
1424.00
1436.00
1425.00
1415.00
1415.00
1419.00
1427.00
1429.00
1401.00
1404.00
1364.00
1310.00
1404.00
1397.00
1366.00
1393.00
1380.00
1378.00
1373.00
1403.00
1488.00
1626.00
1787.00
1852.00
1680.00
1814.00
1753.00
1720.00
1739.00
1773.00
1762.00
1797.00
1809.00
1796.00
1833.00
1834.00
1847.00
1854.00
1857.00
1901.00
1912.00
1828.00
1815.00
1820.00
1828.00
1824.00
1827.00
1818.00
1836.00
1911.00
1907.00
1877.00
1826.00
1844.00
1851.00
1837.00
1817.00
1746.00
1760.00
1766.00
1933.00
2110.00
2127.00
2033.00
2090.00
1982.00
1923.00
1880.00
1892.00
1853.00
1698.00
1754.00
1774.00
1727.00
1703.00
1639.00
1696.00
1682.00
1646.00
1793.00
1808.00
1744.00
1713.00
1710.00
1744.00
1750.00
1816.00
1848.00
1763.00
1832.00
1917.00
1914.00
1862.00
1859.00
1973.00
2021.00
1915.00
1947.00
1887.00
1730.00
1685.00
1675.00
1659.00
1679.00
1708.00
1708.00
1708.00
1708.00
1708.00
1708.00
1776.00
1782.00
1748.00
1741.00
1741.00
1715.00
1648.00
1676.00
1709.00
1743.00
1777.00
1802.00
1770.00
1792.00
1767.00
1800.00
1825.00
1794.00
1819.00
1787.00
1752.00
1718.00
1684.00
1651.00
1618.00
1590.00
1559.00
1528.00
1508.00
1532.00
1558.00
1530.00
1500.00
1470.00
1455.00
1434.00
1407.00
1413.00
1407.00
1417.00
1389.00
1368.00
1347.00
1373.00
1395.00
1422.00
1450.00
1479.00
1501.00
1475.00
1494.00
1487.00
1465.00
1479.00
1508.00
1537.00
1526.00
1555.00
1555.00
1555.00
1614.00
1639.00
1608.00
1608.00
1608.00
1608.00
1608.00
1608.00
1608.00
1608.00
1666.00
1699.00
1732.00
1766.00
1829.00
1865.00
1879.00
1842.00
1860.00
1894.00
1918.00
1994.00
2033.00
2073.00
2114.00
2198.00
2241.00
2285.00
2330.00
2423.00
2471.00
2520.00
2569.00
2653.00
2706.00
2760.00
2815.00
2927.00
2985.00
3044.00
3104.00
3228.00
3292.00
3357.00
3424.00
3560.00
3631.00
3703.00
3775.00
3720.00
3685.00
3612.00
3593.00
3593.00
3785.00
3752.00
3677.00
3667.00
3521.00
3453.00
3384.00
3346.00
3214.00
3150.00
3173.00
3236.00
3300.00
3366.00
3500.00
3543.00
3613.00
3682.00
3829.00
3905.00
3983.00
4053.00
4215.00
4299.00
4384.00
4471.00
4649.00
4682.00
4775.00
4870.00
4870.00
4870.00
5064.00
5165.00
5268.00
5372.00
5586.00
5697.00
5810.00
5923.00
6159.00
6282.00
6391.00
6514.00
6755.00
6890.00
7027.00
6990.00
7269.00
7393.00
7463.00
7542.00
7542.00
7542.00
7542.00
7542.00
7548.00
7679.00
7725.00
7879.00
8194.00
8231.00
8395.00
8562.00
8904.00
9082.00
9263.00
9448.00
9825.00
10021.00
10221.00
10425.00
10842.00
11058.00
11279.00
11504.00
11964.00
12203.00
12447.00
12695.00
13202.00
13466.00
13735.00
14009.00
14569.00
14860.00
15157.00
15460.00
16078.00
16399.00
16726.00
17060.00
17742.00
18096.00
18457.00
18457.00
18457.00
18826.00
19202.00
19202.00
19586.00
20186.00
20589.00
21000.00
21420.00
21420.00
21420.00
31500.00
32013.00
32653.00
32000.00
31396.00
30769.00
29539.00
29291.00
29876.00
29831.00
29485.00
29165.00
28640.00
28640.00
28640.00
28640.00
28640.00
28640.00
28400.00
27850.00
27388.00
27849.00
28405.00
28260.00
27712.00
27453.00
27070.00
26535.00
26005.00
24965.00
24631.00
25123.00
