A	D	E	G	S	EN	EI	FI	FS	WFENI	WI
97.15842491	5.857142857	3.816533786	6333.22	8106.9	490.73	93.34	56.14	45804	58.67	6071.47
100	5	0	5887.38	8552.75	411.54	117.42	59.23	48323.02	79.68	6326.57
97.99592075	10.07142857	4.738744318	6356.16	8083.96	482.64	94.64	55.98	45674.38	67.71	6256.63
63.28627947	28.08	34.93676507	8895.56	5544.56	616.83	50.79	38.4	31326.77	51.31	6407.56
27.29281877	7.607142857	6.62561727	12082.36	2357.76	849.91	15.67	16.33	13321.35	25.02	6353.36
23.38893211	7.785714286	3.335440375	12419.92	2020.2	876.64	13.02	13.99	11414.14	23.95	6377.19
69.90533945	19.12	37.59721176	8415.25	6024.88	576.91	59	41.72	34040.57	55.75	6407.85
91.34497134	6.571428571	7.093845299	6732.39	7707.73	514.09	84.71	53.38	43548.7	54.11	6064.27
99.70862471	9.214285714	1.05448117	5990.84	8449.29	420.77	113.46	58.51	47738.48	76.6	6295.33
23.44778344	29.85714286	44.97039254	12378.24	2061.88	858.12	13.58	14.28	11649.62	25.8	6409.05
95.52894328	10.71428571	7.537532739	6546.86	7893.26	486.16	91.73	54.66	44596.93	69.68	6333.09
68.96472227	19.36	37.34126516	8455.44	5984.69	581.56	58.14	41.44	33813.5	55.25	6406.2
13.14509708	23.78571429	100	13676.23	763.89	940.69	4.59	5.29	4316	19.7	6451.32
90.30836906	6.714285714	6.493172372	6836.74	7603.38	517.14	83.07	52.65	42959.11	55.88	6121.04
67.66305108	11.75	64.10287552	10434.7	4005.43	716.79	31.57	27.74	22630.67	42.29	6473.04
92.66916417	11.14285714	10.61530299	6725.75	7714.38	491.56	88.67	53.42	43586.24	70.55	6386.41
20.97935775	30.71428571	51.87963626	12790.42	1649.7	886.81	10.51	11.42	9320.82	23.12	6408.24
15.77302367	24	100	13482.48	957.64	947.19	5.71	6.63	5410.67	14.63	6320.07
64.32898916	19.8	35.58630584	8884.36	5555.76	616.49	50.92	38.47	31390.05	50.68	6392.58
94.63966589	10.92857143	8.25459025	6609.44	7830.69	487.36	90.78	54.23	44243.38	70.05	6352.28
30.17822817	7.428571429	6.825005738	11946.65	2493.48	881.33	15.99	17.27	14088.15	19.87	6230.56
63.38637413	20	36.67059723	8938.17	5501.96	617.73	50.32	38.1	31086.05	49.86	6383.64
32.92573199	7.25	5.583076424	11617.58	2822.54	821.93	19.4	19.55	15947.35	25.9	6307.39
89.78649129	11.57142857	13.10227237	6918.04	7522.09	494.32	85.98	52.09	42499.79	72.5	6461.33
91.95538749	6.428571429	7.347675839	6678.07	7762.06	510.17	85.96	53.75	43855.62	54.28	6055.12
25.46410397	29.28571429	44.52165953	12202.37	2237.76	845.87	14.95	15.5	12643.34	26.96	6409.47
25.16375886	21.64285714	45.20213874	12222.69	2217.44	842.7	14.87	15.36	12528.51	27.65	6426.28
59.20878903	12.25	78.32927365	11092.66	3347.47	772.49	24.48	23.18	18913.2	31.05	6338.16
40.83684147	6.892857143	3.87878974	10952.46	3487.67	803.26	24.53	24.15	19705.33	29.37	6289.81
15.89798828	31.85714286	87.61958239	13462.74	977.39	933.05	5.92	6.77	5522.23	19.06	6410.77
89.32735008	6.857142857	7.515224058	6931.26	7508.87	520.61	81.49	52	42425.1	56.33	6148.7
20.051835	22.71428571	67.28550391	13047.54	1392.59	894.66	8.79	9.64	7868.11	23.68	6453.51
26.01767691	21.42857143	45.36428428	12149.21	2290.92	838.5	15.44	15.86	12943.7	27.87	6421
47.66047722	12.5	100	11424.58	3015.54	767.06	22.21	20.88	17037.83	31.58	6392.79
13.48632686	8.5	5.433798274	13271.35	1168.77	912.45	7.24	8.09	6603.55	21.71	6441.54
78.23331222	10.5	46.83507187	9111.69	5328.43	654.58	45.99	36.9	30105.63	45.96	6343.53
26.52798596	29	44.28667436	12108.02	2332.11	839.31	15.7	16.15	13176.42	27.58	6409.64
68.38263507	19.42	36.56667207	8486.55	5953.58	586.89	57.32	41.23	33637.7	53.67	6380.77
64.10256685	12	69.23111315	10666.08	3774.04	701.54	30.4	26.14	21323.34	48.95	6641.72
61.32169324	28.86	35.51072451	9087.92	5352.2	629.95	48	37.06	30239.95	49.78	6409.74
14.64617854	32.14285714	96.55245922	13567.37	872.76	940.55	5.24	6.04	4931.08	18.35	6409.08
24.68900525	21.85714286	45.32154101	12323.03	2117.1	848.72	14.09	14.66	11961.59	27.28	6432.36
100	9	0	5887.38	8552.75	411.54	117.42	59.23	48323.02	79.68	6326.57
99.10839161	9.642857143	3.178787058	6251.66	8188.47	446.46	103.63	56.71	46264.84	67.78	6193
58.50730769	6	5.882688227	9246.92	5193.2	658.51	44.56	35.96	29341.59	49.81	6445.82
65.72310029	19.7	36.36604026	8775.19	5664.93	611.43	52.35	39.23	32006.87	50.46	6369.25
19.92646512	8.142857143	2.65064309	12754.92	1685.2	922.85	10.32	11.67	9521.39	17.6	6289.68
98.83158508	9.857142857	3.59131002	6279.17	8160.96	482.26	95.61	56.52	46109.4	65.52	6197.26
58.36232161	30	36.10642914	9362.59	5077.53	649.14	44.19	35.16	28688.06	47.44	6408.29
63.5585694	19.9	63.5585694	8942.49	5497.64	624.21	49.76	38.07	31061.65	48.09	6350.26
18.56250374	31.28571429	67.53844338	13156.8	1283.32	912.12	7.95	8.89	7250.78	20.86	6408.89
59.1407623	29.7	35.969332	9292.39	5147.74	644.33	45.14	35.65	29084.72	47.99	6407.74
68.9266126	19.24	35.53144878	8479.91	5960.22	587.05	57.36	41.28	33675.23	54.87	6405.05
31.53750147	22.07142857	51.10458338	11842.97	2597.15	813.66	18.03	17.99	14673.9	30.85	6440.51
94.36399711	6.285714286	6.552556643	6483.64	7956.49	500.06	89.9	55.1	44954.14	56.08	6051.6
96.02156177	10.5	7.182815155	6499.1	7941.02	484.9	92.53	54.99	44866.77	69.82	6326.97
62.82916208	28.26	35.09539394	8941.03	5499.09	619.95	50.12	38.08	31069.87	50.93	6407.85
90.66217116	11.35714286	11.88333479	6855.93	7584.2	494.54	86.65	52.52	42850.73	70.79	6415.53
96.83470696	6	4.044739629	6352.61	8087.51	491.99	92.88	56.01	45694.44	58.39	6070.21
59.9238011	29.4	35.79396904	9218.82	5221.31	639.01	46.17	36.16	29500.39	48.7	6409.86
13.39980432	32.42857143	100	13661.57	778.56	947.43	4.64	5.39	4398.84	17.66	6406.75
95.63522589	6.142857143	5.607131824	6409.38	8030.74	495.28	91.61	55.61	45373.7	57.44	6063.01
18.53172241	22.92857143	78.18315424	13185	1255.12	837.42	8.47	8.69	7091.44	37.15	6752.24
17.47538728	8.321428571	1.547314966	12941.14	1498.99	925.7	9.15	10.38	8469.27	18.97	6342.36
17.20552616	31.57142857	78.37848985	13337.25	1102.88	924.62	6.74	7.64	6231.25	19.75	6408.96
22.78771174	30.14285714	45.65887119	12496.27	1943.86	866.18	12.68	13.46	10982.81	25.08	6409.93
86.48706849	11.78571429	16.63946337	7136.21	7303.92	501.47	82.29	50.58	41267.13	72.16	6496.44
67.0028539	19.62	37.08084385	8660.57	5779.55	601.26	54.31	40.02	32654.48	51.43	6367.45
74.88895019	11	51.82870623	9513.07	4927.05	648.36	42.94	34.12	27837.84	54.74	6583.74
97.4490232	5.714285714	3.837556786	6301.03	8139.09	488.35	94.17	56.36	45985.87	59.56	6082.28
29.14156788	30.42857143	50.5811733	12047.32	2392.81	835.25	16.19	16.57	13519.36	27.93	6408.52
69.76305986	19.18	36.46358367	8434.79	6005.34	582.27	58.27	41.59	33930.15	54.76	6393.28
42.17118792	13	100	11958.27	2481.86	820.7	17.09	17.19	14022.5	23.02	6291.39
42.26376536	12.75	100	11935.99	2504.14	818.66	17.28	17.34	14148.37	23.58	6299.97
31.72466433	13.5	100	12384.79	2055.33	852.96	13.61	14.23	11612.63	23.72	6365.55
12.18012019	32.71428571	100	13737.27	702.86	952.43	4.17	4.87	3971.15	17.29	6408.43
22.65810606	22.28571429	51.38234835	12661.44	1778.69	872.58	11.52	12.32	10049.6	25.37	6437.99
98.75457875	5.428571429	3.116274503	6203.76	8236.37	447.3	104.04	57.04	46535.48	64.6	6118.96
69.86131692	19.06	37.62295545	8278.6	6161.52	569.35	61.14	42.67	34812.6	61.26	6498.74
63.52830887	27.54	35.2404956	8906.21	5533.91	617.39	50.64	38.32	31266.61	51.3	6409.39
97.05574981	10.28571429	6.130130259	6426.25	8013.88	483.69	93.61	55.5	45278.41	68.7	6289.98
24.45869513	13.75	100	12885.86	1554.26	865.8	10.14	10.76	8781.59	27.63	6514.24
98.46611722	5.571428571	3.175346603	6221.36	8218.77	483.33	96.08	56.92	46436.03	61.88	6112.5
85.4007659	12	16.84792417	7194.15	7245.98	502.56	81.46	50.18	40939.76	73.65	6538.23
63.83170096	27.18	34.98113962	8388.14	6051.98	581.21	58.83	41.91	34193.69	56.03	6412.38
43.58186499	6.714285714	4.757521227	10663.6	3776.53	772.57	27.62	26.15	21337.39	36.34	6392.17
67.54806437	19.54	35.14670435	8595.25	5844.88	599.93	55.05	40.48	33023.55	51.39	6356.31
62.37384457	28.44	35.2137201	8986.59	5453.54	623.08	49.45	37.77	30812.48	50.56	6408.2
61.92163078	28.62	35.30943261	9030.72	5409.41	626.2	48.81	37.46	30563.17	50.15	6407.53
19.84105823	31	58.21656626	12965.52	1474.6	898.93	9.27	10.21	8331.5	22.03	6408.36
50.70951239	6.357142857	2.242704682	10010.09	4430.04	716.93	34.91	30.68	25029.72	43.87	6448.02
15.71250534	23.35714286	96.56510145	13458.81	981.31	856.76	6.47	6.8	5544.43	35.12	6746.25
28.69255763	21	43.82944946	11927.71	2512.41	826.43	17.18	17.4	14195.12	29.03	6414.99
36.67483055	7.071428571	4.116954355	11324.79	3115.33	830.71	21.19	21.57	17601.62	26.93	6292.2
22.48855414	7.964285714	1.281735243	12494.27	1945.86	882.37	12.46	13.48	10994.09	24.04	6389.2
100	5.142857143	0	5963.34	8476.79	420.58	113.88	58.7	47893.85	75.66	6270.38
